O1_amp O2_amp Oz_amp PO3_amp PO7_amp P7_amp PO9_amp PO4_amp PO8_amp P8_amp PO10_amp O1_lat O2_lat Oz_lat PO3_lat PO7_lat P7_lat PO9_lat PO4_lat PO8_lat P8_lat PO10_lat ID emotion
1.711329 -3.073731 0.176132 3.47425 1.08329 2.484782 -0.2879492 1.171199 1.21294 1.109492 1.067576 248 256 248 248 248 248 248 248 248 248 248 16 1
2.004978 -6.786208 -1.878298 -0.331804 -0.05906591 0.06946818 0.2389179 4.50696 2.999831 2.085256 1.965182 248 264 248 248 248 248 248 264 264 264 264 17 1
-5.888799 25.36167 7.657366 -5.539831 -4.916474 -0.7422037 -4.775322 -0.6357571 -7.732606 -1.436214 -0.7474167 260 256 256 248 248 264 248 264 248 264 256 23 1
-2.678111 24.16944 6.294414 -8.037696 -2.788356 -9.416277 -5.772419 -0.9576176 -1.227454 -1.568321 -1.270181 264 264 264 264 264 264 264 264 264 264 264 24 1
0.4794838 -7.595952 -2.70432 -0.1116262 0.05361823 0.300448 -0.1258058 1.252764 1.168723 0.9917752 1.116802 252 252 252 252 252 252 252 264 264 264 264 26 1
-4.222369 -2.889878 -3.914477 -6.493994 -3.41008 -3.264596 -6.222549 -1.519974 -2.799554 -2.113199 -2.606398 248 248 248 248 248 264 248 248 248 248 264 27 1
-2.626855 -2.725165 -2.729378 -2.6443 -2.888374 -2.586137 -2.480843 -2.54343 -2.632342 -2.375053 -2.445888 248 248 248 248 248 248 248 248 248 248 248 28 1
-2.739856 -3.90501 -3.129271 2.816108 -0.1153255 2.717716 0.07342704 -3.512285 -3.618936 -0.6854335 -3.659808 264 264 264 252 248 256 248 260 264 264 260 29 1
-2.288562 6.819613 2.385628 1.102085 -0.5372053 1.48213 -1.420326 3.341094 -4.069088 3.187733 -3.936455 260 264 264 264 264 264 248 264 248 264 248 30 1
5.421259 -1.636906 -32.74845 2.835386 2.868186 15.09718 5.337258 4.961534 5.498162 4.99076 -0.04259696 264 248 248 264 264 264 264 264 264 264 264 31 1
-0.6363947 -8.672317 -4.102382 2.264897 -2.68311 -0.07660572 -2.337868 -0.6829425 -0.5153002 -0.670768 -0.4733449 256 264 264 248 248 248 248 248 256 252 248 32 1
-4.926492 -15.94273 -9.082921 2.308573 0.9376169 1.941389 2.774621 -5.14208 -5.136871 -5.285296 -5.04883 264 256 260 248 248 248 248 264 264 264 264 33 1
-2.412141 0.3384377 -1.223628 1.5157 1.472935 -0.9368461 1.655999 -3.053951 -2.306496 -2.26321 -2.299283 264 248 248 248 248 248 248 264 264 264 264 34 1
-3.134627 -4.720133 -3.853201 0.9131344 -0.3438619 0.6850621 0.5110824 -4.420796 -4.038274 -0.5112554 -4.571851 264 264 264 264 264 264 248 264 264 264 248 35 1
6.753009 -2.871351 2.421823 1.501228 2.754579 5.480937 2.65824 6.067376 8.727667 8.695899 5.778406 252 264 264 252 252 252 252 264 252 256 264 36 1
-3.69874 0.6559688 -0.983712 -0.1284014 -4.488121 1.437423 -3.111375 1.357144 1.239051 1.342916 1.178067 248 248 248 260 248 264 248 248 248 248 248 37 1
0.0767159 -16.53279 -6.7964 -3.222339 -0.737802 -3.251743 -0.7524406 4.447878 4.584297 4.775069 4.47284 264 264 264 264 264 264 264 248 248 248 248 38 1
-1.552532 -3.539968 -2.318494 0.7333245 -1.357115 -0.9031893 -1.465688 -2.224965 -2.515157 1.516944 -2.268031 264 252 256 256 260 260 260 264 264 248 264 39 1
-2.46297 -2.074293 -1.612183 2.28951 -0.4530869 -0.9907831 2.78538 -1.178546 -3.186399 -2.017358 -1.093655 248 248 248 248 248 248 248 264 248 264 264 41 1
0.779154 -0.6017366 -2.68777 9.497266 1.078562 9.431718 2.576643 4.082977 -3.22894 4.430814 -3.506541 248 264 264 264 248 264 260 248 248 248 248 42 1
-2.60447 4.591949 1.346366 -2.445164 -2.598431 -8.303645 1.230843 6.18909 6.336767 2.732865 6.238414 248 248 248 248 248 264 248 264 264 264 248 43 1
2.318164 4.411543 3.461278 1.482686 1.405826 -3.698056 1.466597 3.127986 8.141893 2.852491 8.1714 264 248 248 248 248 248 248 252 256 252 256 44 1
-6.48813 -5.893457 -5.291919 -0.4959153 -2.609179 -1.707782 -7.369662 -0.7637448 -6.614849 -0.3807062 -6.588819 248 264 248 248 248 248 248 248 248 248 248 45 1
-3.315884 -5.083533 -3.725605 2.407407 -0.785781 0.6073215 0.06902443 -5.034824 -5.725276 -3.896886 -3.827515 256 264 264 252 252 256 256 264 264 264 264 46 1
-2.131652 1.622036 -0.4606054 -5.080309 -3.692231 -4.978264 -3.596837 2.344648 1.932824 2.502999 1.93865 264 256 264 264 264 264 264 264 264 264 264 47 1
-3.374305 -1.413068 -2.079122 -3.430359 -3.551086 0.1489797 -3.934834 0.2788445 -2.70174 0.1814212 0.1994391 264 264 264 248 248 248 248 264 264 264 264 48 1
-0.1302302 2.806834 1.042188 4.1324 0.02350001 5.189624 0.06697037 -3.19042 -0.05905013 -2.951943 -3.320788 264 248 264 264 264 264 264 264 264 264 248 49 1
0.8228915 -6.429647 -1.995339 1.714262 1.128361 1.158316 0.8468164 0.5508707 0.2711537 -0.04449285 0.1901264 248 264 248 248 248 248 248 264 248 264 248 50 1
-1.029729 9.636525 2.353062 1.454898 1.889492 -1.878895 2.153104 -5.77668 -1.496764 -6.040022 -0.4869473 264 252 256 264 264 264 264 260 264 256 260 52 1
3.164811 -2.24744 0.3997125 1.126916 1.168206 -1.869321 1.169139 -0.4879731 1.454114 -2.248802 1.463689 248 264 248 248 248 248 248 264 264 264 264 53 1
-4.27315 6.149795 0.3897433 0.635103 -1.693829 0.9055923 -0.3107434 -2.970068 -3.135966 0.1858554 -3.894211 264 260 264 264 264 264 264 264 264 252 264 56 1
5.965708 -10.15623 -15.99336 -4.637886 -4.76777 -2.041034 -4.876268 11.53024 8.981175 4.616232 8.500832 264 264 248 248 264 248 264 256 256 260 256 57 1
2.250948 -6.618559 -2.098996 1.926878 2.157581 1.583445 -1.485895 -5.454594 -1.808032 -2.782294 -1.832325 264 264 264 248 264 248 264 256 264 248 264 58 1
7.103877 1.903173 4.324933 8.675987 7.128759 7.604589 7.559174 -1.241428 2.540036 1.412073 2.480067 264 264 264 264 264 264 264 264 264 264 264 59 1
-4.094198 3.363947 -0.4373125 0.4005757 -0.706267 -1.102695 -0.5684124 -4.232831 -6.728991 -2.731768 -6.206406 264 260 260 248 248 264 248 264 264 264 264 60 1
11.71676 2.329719 6.421878 4.511986 0.3777481 4.870875 0.197044 -0.291977 -0.5230144 -0.7351829 -0.520453 264 248 264 264 264 264 264 248 248 248 248 61 1
-2.760664 0.4050651 -1.08475 1.721434 -0.1549622 4.352849 -0.1116985 -2.601431 -2.544027 -2.76633 -2.542103 264 248 264 264 264 260 264 264 264 264 264 62 1
-3.133749 -4.529982 -4.764552 -5.02227 -0.1633544 -6.716706 -3.108112 -5.315321 -2.263284 -12.44554 -2.000564 264 264 264 248 264 248 248 264 264 264 264 63 1
-1.264849 -3.908172 -2.962128 1.065904 -0.3367648 1.387603 2.483917 -5.716641 -2.15361 -3.47756 -4.607669 264 264 264 252 264 260 264 264 264 264 264 64 1
4.998961 4.77884 4.568419 -0.06190894 -4.206932 6.097589 -4.24626 4.627925 4.281067 4.736781 4.621799 252 252 252 248 248 252 248 252 252 264 252 65 1
6.438275 5.621048 5.318539 -0.1359493 4.526546 -0.3237687 4.687388 2.142941 6.808949 2.231048 7.049348 260 248 256 248 260 248 260 248 248 248 248 66 1
-2.491236 0.605081 -1.428675 -2.134563 -2.300703 -2.425299 -3.085924 -2.436277 -2.114879 -3.559539 -2.200718 264 248 248 248 264 264 264 248 264 248 264 70 1
-2.783786 -0.3238643 -2.047296 -1.738543 -2.819785 -0.1570953 -2.884573 -4.389599 -4.197183 -4.413411 -4.18644 252 248 248 264 252 252 264 264 264 264 264 74 1
-0.9304389 2.658763 1.174987 -1.089478 -0.7893615 1.377096 -0.8693002 4.289612 2.386721 4.041472 2.630514 252 248 248 252 252 256 252 248 248 248 248 75 1
-4.372582 0.5796308 -2.392324 -3.431425 -3.262239 -4.908754 -1.594784 -3.746024 -3.952005 -3.877729 -3.762518 248 248 248 256 248 248 252 264 248 248 248 16 2
5.639753 -3.185598 2.310656 3.706927 3.861982 3.778049 4.015489 7.930546 7.68753 5.368437 6.97313 264 248 248 264 264 264 264 256 256 256 260 17 2
-0.1049626 -4.072429 -2.014406 0.9259348 0.9865519 -1.255025 0.9489073 -1.63645 -0.06802621 -3.126922 -0.06050159 264 264 264 248 252 248 252 248 248 248 248 23 2
6.162481 -0.1872707 1.841486 0.7031481 7.530965 -1.881893 4.382902 -1.00347 -0.7956555 -1.732172 4.237936 256 256 256 264 260 260 260 256 256 252 256 24 2
-2.594762 3.407846 0.7882398 -1.631832 -1.137322 0.526228 -1.855786 5.409053 4.44806 4.43733 4.031478 264 256 260 260 264 256 264 252 256 252 256 26 2
1.299712 1.932719 2.43121 4.838498 1.542404 0.6065506 6.830077 -0.009468389 0.9332468 -1.722268 7.09922 248 248 248 252 248 248 256 248 248 248 248 27 2
0.5870332 -1.758004 -0.3185246 1.806521 -5.641976 1.804879 -5.772931 1.4349 1.414075 1.290294 1.724179 248 252 252 260 248 260 248 248 248 248 248 28 2
4.901235 -4.158633 -0.2485582 7.250726 5.588527 7.361507 4.780883 -4.431451 -4.288281 10.93588 -4.397093 264 264 264 264 264 264 264 264 264 264 264 29 2
-2.420148 -1.518727 -1.449752 2.425035 -6.275234 2.564966 -3.495834 3.22808 -3.316 3.236091 -3.091052 260 248 248 264 264 264 248 248 248 248 248 30 2
0.7803902 -8.84501 -3.764906 0.9413349 1.039371 -0.01966082 3.199506 -3.31557 0.6629313 -3.345259 1.12837 264 260 264 264 264 264 260 264 264 264 264 31 2
4.862833 4.162142 4.113518 3.158306 7.50196 1.674735 7.452689 4.891572 4.917272 4.571639 4.731649 264 264 264 248 248 248 248 264 264 264 264 32 2
-0.4245648 -11.67428 -4.538155 4.738405 2.05637 4.49367 -0.8071009 -0.6113828 -0.5433849 -0.5566267 -0.4781826 248 248 248 264 264 264 264 248 248 248 248 33 2
1.185601 2.538664 1.275851 -1.500886 -1.356323 -1.740698 -1.511904 -0.708666 1.097859 -0.7568948 1.118253 252 260 256 252 252 248 252 252 252 252 252 34 2
2.363158 5.975433 4.739851 3.418083 1.400701 -0.05039737 0.9594482 6.545393 6.074286 4.302273 5.052393 264 264 264 248 248 260 248 264 264 264 264 35 2
-0.5245117 8.923868 2.930086 -0.1088061 0.7669564 0.1945304 0.8643241 -0.4002627 -1.199878 -0.08690373 3.406299 248 264 248 248 248 248 248 248 248 248 248 36 2
0.2979692 1.133669 1.423361 4.41471 3.110495 1.17984 5.120029 1.508192 1.476364 -1.282934 1.468871 264 264 264 248 264 264 264 248 248 248 248 37 2
-0.1609455 0.7805878 0.2369118 -0.3086982 0.3819361 -0.1719802 0.5496388 1.029261 1.144511 1.080676 1.0415 248 264 260 260 248 260 248 264 264 264 264 38 2
-0.1354707 9.930997 3.640807 -2.477529 -1.241127 -7.26933 -1.359631 -2.918214 -2.905419 -8.959949 -2.752072 264 264 264 248 264 260 264 264 264 256 264 39 2
-2.330364 -0.7977372 -2.557589 0.764717 -0.854616 -2.027789 -0.1534506 -0.04761309 -0.2434887 -0.9463443 -0.1178654 264 264 264 264 264 264 248 248 264 248 248 41 2
2.997694 -3.378065 -11.10146 0.3758253 5.12946 0.6861986 5.112952 9.641788 7.853323 7.06042 5.867644 248 264 252 264 248 264 264 248 248 248 248 42 2
7.537045 9.304643 10.01993 12.26416 13.50626 -17.89982 22.2204 14.48696 14.50439 4.402503 14.48267 248 264 252 248 248 248 248 256 252 256 252 43 2
3.935034 -2.167538 -9.020528 1.593848 1.333521 2.463844 1.327065 2.068402 0.6735342 2.130949 0.4901451 248 252 260 264 264 264 264 248 248 248 248 44 2
0.4901974 3.62028 2.847352 7.54283 3.503233 1.534076 2.200237 3.845945 3.778637 4.178479 3.723858 248 248 248 248 260 256 264 248 248 248 248 45 2
6.733849 -5.527529 1.63264 2.290983 5.557714 2.168392 1.977917 9.284051 9.713823 5.875691 7.097523 248 264 248 248 248 248 248 260 256 252 256 46 2
-0.07437839 0.6795253 -0.04333402 -4.417159 -1.895319 -4.418884 -1.777629 1.361028 1.466229 1.251877 1.595281 264 248 264 264 264 264 264 264 264 264 264 47 2
0.9897478 1.868007 4.312535 2.166259 1.933326 1.644064 1.941825 0.6035725 -0.1477564 0.286678 0.7538492 248 248 248 248 260 248 260 260 248 256 256 48 2
3.047424 3.327225 2.784492 2.932567 2.921293 -1.117579 2.838727 -1.02872 2.85845 -1.100699 1.665298 248 256 252 248 248 248 248 264 248 264 260 49 2
-0.53851 -4.001885 -1.704488 1.64953 0.5052953 0.4067465 2.47724 -1.177578 -0.6222483 -1.175884 -0.8633698 264 264 264 248 248 248 248 264 264 264 264 50 2
-12.87318 6.652486 -4.67303 -6.50472 -7.626758 -9.100232 -7.459547 -13.67259 -10.70593 -15.74485 -0.740404 264 264 264 248 264 248 264 264 264 264 264 52 2
4.465392 2.094912 3.140147 0.674106 0.8510382 1.668185 0.7895998 2.186621 2.757136 2.572509 2.755086 260 264 264 264 260 264 264 264 264 264 264 53 2
-2.097861 1.292993 -0.7560995 -1.384239 -0.5719664 -2.471467 1.239937 -4.301444 -3.57866 -6.865675 -3.787599 256 264 256 248 248 264 248 256 260 248 260 56 2
3.406562 -1.04608 2.337513 1.449937 1.122147 2.564673 0.8847238 8.21347 7.584833 4.472627 7.829096 248 264 260 248 248 248 248 256 248 248 248 57 2
-4.705248 6.75836 0.4752292 1.215859 -5.063453 1.534178 -4.7943 -2.566727 -6.554289 -1.356846 -6.78144 264 248 264 264 264 264 264 264 248 264 248 58 2
-2.767898 4.656789 0.6190203 1.952382 0.1845647 -2.002208 0.6374364 -3.940354 -2.538511 -1.434471 -1.868731 264 252 256 248 248 248 248 264 264 264 264 59 2
-3.041005 9.51831 2.986629 -5.121144 -5.684 -3.843246 -5.596549 4.754266 -0.5400376 2.198083 -0.4058211 248 248 248 256 256 256 256 248 248 264 248 60 2
6.681175 0.03782936 -8.631895 -18.42344 -11.97972 -19.77022 -12.20002 7.011252 7.253462 7.184882 6.69377 264 248 264 252 260 256 260 264 264 264 264 61 2
-2.622626 2.796971 -0.4908066 -1.228251 -1.104924 -1.769577 -1.15768 -2.405532 -2.489551 -2.540404 -2.471448 248 264 264 248 248 260 248 256 256 256 256 62 2
3.759891 -8.058524 -0.8116037 3.168908 2.447423 2.455085 3.876973 4.625785 4.578425 -1.777842 3.996245 264 248 248 264 264 264 264 248 264 248 264 63 2
4.24688 -1.468108 2.080777 3.845774 4.355233 3.117156 0.9398913 4.1261 3.354338 8.263485 -0.3639358 248 264 264 248 256 260 248 252 252 252 248 64 2
-1.928632 0.7686939 -0.9209119 -4.898891 -7.995854 -3.106758 -7.866835 2.722029 1.628531 2.447442 3.506191 248 248 248 260 260 248 248 248 248 248 248 65 2
7.911955 8.109121 7.986306 3.120925 3.824214 3.011421 4.165643 8.995485 6.499221 9.000906 6.099182 264 264 264 264 264 264 252 264 264 264 264 66 2
0.9354696 2.304101 2.192945 1.586611 1.103393 -1.989672 5.049136 4.378221 2.982598 0.4637621 3.076913 264 248 260 264 264 248 260 264 264 248 264 70 2
-2.249671 1.668894 -0.06001283 0.1972252 -2.266167 -0.7472383 -2.274641 -0.3926356 -0.5061134 -0.4406633 -0.4151107 256 248 252 252 256 256 256 252 248 248 252 74 2
-1.964406 -7.735303 -4.347168 -2.063276 -2.088048 -2.427341 -2.101615 -1.212636 -1.301168 -1.038061 -1.055596 248 248 248 248 248 248 248 264 264 264 264 75 2
