O1_amp O2_amp Oz_amp PO3_amp PO7_amp P7_amp PO9_amp PO4_amp PO8_amp P8_amp PO10_amp O1_lat O2_lat Oz_lat PO3_lat PO7_lat P7_lat PO9_lat PO4_lat PO8_lat P8_lat PO10_lat ID emotion
2.376754 -6.61455 -1.580751 0.06815121 2.339895 0.4963707 1.106144 0.8831922 1.768918 0.8319176 0.9719011 264 248 248 264 264 264 264 264 264 264 264 16 1
-2.034613 1.364499 -0.6888775 -1.146526 -1.231173 -1.275096 -1.15119 -2.707498 -1.694444 -2.070137 -3.056799 264 256 264 248 248 248 248 264 264 264 264 17 1
-2.999115 2.16538 -0.7202773 -2.775445 -1.700336 -1.354454 -1.814861 -2.474763 -4.125432 -3.226032 -3.30889 264 256 264 264 264 264 264 264 264 264 264 23 1
-7.627388 -1.2234 -14.7048 -2.868455 -3.774863 -7.160706 2.304747 3.70591 3.66908 2.857685 3.877436 264 248 248 252 264 264 264 264 264 264 264 24 1
-0.5937968 -6.100804 -2.640841 1.755835 1.758524 1.709566 1.873981 -0.8580784 -1.215416 0.5646166 -1.773985 252 248 248 252 252 256 252 252 252 256 248 26 1
-0.2469294 8.10956 3.407231 -0.4032049 -1.408216 -3.896219 0.792757 -1.651397 -1.370818 -3.097484 2.148159 248 256 248 248 248 248 248 248 248 248 252 27 1
-1.994411 -1.704594 -2.108811 -5.58344 -5.959784 -5.605321 -6.04713 -1.27885 -1.358064 -1.372531 -1.381641 260 260 260 264 264 264 264 260 260 260 260 28 1
4.882398 -18.52243 -6.353349 1.174956 5.46739 0.9951891 5.195082 -3.016308 -3.082331 -1.01547 -3.064896 248 248 248 264 264 264 264 248 248 264 248 29 1
-3.835903 9.234919 3.190508 -2.427164 -4.332572 -0.4088531 -9.406742 5.354803 -20.52388 4.7505 -20.6191 264 264 264 264 264 264 260 264 248 264 248 30 1
5.28448 -4.258989 0.2693151 -1.694868 -1.636523 4.783511 -1.360673 1.931834 5.25196 1.933464 0.5436839 264 248 264 264 264 264 248 264 264 264 264 31 1
-2.15425 0.7132518 -0.9133816 -1.647091 0.8763618 -1.116322 0.6868581 -2.262015 -2.228027 -2.19262 -2.202706 248 248 248 260 248 260 248 248 248 248 248 32 1
0.4290923 13.79505 6.084517 -2.916411 -2.152975 -3.004447 -1.27738 0.5470567 0.6403372 0.3079203 0.5292147 264 260 264 248 256 248 264 264 264 264 264 33 1
3.113116 -0.4517707 1.454097 3.474597 3.146497 -2.990364 3.295527 0.5008768 3.161876 0.4144444 3.263356 264 248 256 264 264 264 264 264 264 260 264 34 1
-10.99925 5.67924 -3.739513 -9.059252 -11.50147 -7.397967 -6.784989 -5.810929 -8.769907 -7.010357 -4.277158 264 248 248 248 264 264 264 252 248 264 248 35 1
-2.322193 6.669725 1.372361 -4.301494 -3.286877 -3.479591 -3.180197 -2.50226 -4.076546 -4.852903 -1.776771 264 248 264 264 264 260 264 264 264 264 264 36 1
-1.003206 -3.913561 -2.101746 0.4627534 -3.45584 -1.089321 -0.3229043 -2.842212 -2.906505 -4.023208 -2.905491 248 252 252 260 260 260 260 248 248 248 248 37 1
-0.8921833 -2.921769 -3.212758 -0.8944303 -2.299531 -0.7631687 -1.916636 -2.518668 -2.525155 -2.700515 -2.588693 264 264 248 264 264 264 264 264 264 264 264 38 1
0.3090132 18.40158 5.877569 -0.293934 -1.792959 -1.337147 -1.755563 -7.798416 -7.804052 -3.597415 -7.511715 264 256 260 264 264 264 264 264 264 264 264 39 1
1.640464 1.405701 1.484582 -0.0946937 0.7493305 0.792103 -0.0228902 1.851921 0.8796471 1.91701 1.892 260 264 260 260 260 256 260 264 264 264 264 41 1
4.818697 -2.755408 -8.031589 7.955718 4.222188 8.089897 4.610619 0.2698168 0.07154538 -1.073287 -1.475813 260 248 248 264 260 264 252 248 256 252 248 42 1
1.335541 16.35093 8.534741 7.135951 7.135631 2.007043 -3.525502 5.513088 5.514827 2.956075 5.585519 264 248 264 252 252 252 252 264 264 264 264 43 1
4.80013 1.050754 2.868486 3.774263 3.764379 -3.365517 3.982246 -1.16679 3.554991 -1.223075 3.342412 248 264 252 260 260 264 260 248 248 248 248 44 1
-3.868807 12.78889 2.795374 -7.649279 -6.155658 -8.487951 -7.364646 -0.6724127 1.165928 -2.419228 1.011605 248 264 248 248 248 256 248 252 252 248 252 45 1
-0.476349 0.4318555 0.4230223 2.324378 1.554186 1.777041 0.4862336 1.073229 -1.221522 2.861398 0.1582844 264 248 260 248 260 252 248 264 264 264 264 46 1
-1.621955 -0.660573 -0.883066 -1.367375 -2.516342 -1.04329 -2.460129 0.5644594 0.1277599 0.6350825 0.05456508 248 264 248 248 248 248 248 264 264 264 264 47 1
-1.14265 -3.519917 -5.74799 1.41701 1.446984 3.907565 1.224579 -1.866853 -1.909434 -1.89273 -1.874171 248 256 256 248 248 248 248 248 248 248 248 48 1
-3.995284 4.599854 -0.3364528 -6.088367 -4.319324 -7.0171 -4.36835 -0.9100746 -3.90154 -0.9609392 -0.8201309 248 248 248 248 260 248 264 248 248 248 248 49 1
-4.640069 3.163097 -1.369246 0.310764 -1.634534 -4.102365 -2.526226 -5.564012 -2.495018 -5.541185 -2.635823 248 264 248 248 248 248 248 252 248 252 252 50 1
-0.2030983 4.988285 1.695327 1.268563 1.526142 -1.804245 1.628104 -2.408421 -3.221259 -4.461545 1.334403 264 264 264 260 264 248 264 264 264 264 264 52 1
6.39861 0.5320266 3.897602 6.181161 5.942104 3.638425 5.940111 2.206811 4.156682 -0.03808153 4.197061 264 248 260 260 260 260 260 264 264 264 264 53 1
-6.051833 8.065719 -0.1940057 -0.1699581 -3.476655 0.8899396 -4.243197 -5.614083 -4.867553 1.96518 -5.448966 248 264 248 248 248 248 264 248 248 248 248 56 1
-3.409396 2.962088 0.7267882 1.77798 -1.544539 -1.945509 -1.399566 -2.403165 -2.519462 -6.60529 -2.48197 248 264 264 264 264 264 264 248 248 264 248 57 1
-10.45863 1.951882 -5.003565 -5.768795 -9.398737 -6.13503 3.112979 -7.171249 0.4876071 -8.487452 1.433964 248 264 264 248 248 252 248 252 264 260 264 58 1
0.716195 0.578859 0.2358957 1.821495 1.796238 0.1412867 1.919105 -2.756341 -1.26421 -1.455683 -1.105136 252 248 248 256 252 252 256 248 248 248 248 59 1
-11.60465 9.64234 -3.042989 -10.86515 -11.85284 -6.186584 -11.80416 -7.320998 -9.893858 -3.238919 -9.656698 264 248 248 264 264 264 264 264 248 252 248 60 1
-7.717108 -16.99961 -11.34958 0.5531976 2.37408 0.4819412 2.547078 -4.879866 -4.720735 -4.766072 -4.61794 248 252 248 248 248 248 248 248 248 248 248 61 1
0.5947921 -0.666293 0.03823066 2.886154 0.5825807 0.3284978 0.5459668 -2.124825 -1.922692 -2.247397 -2.000889 252 252 252 264 264 248 264 248 248 248 248 62 1
-1.852162 -6.956066 -4.856526 -5.701692 -3.033429 -5.905214 -0.3274928 -3.970467 -3.211002 -13.05629 4.100287 264 248 248 248 264 264 264 248 264 264 256 63 1
3.576745 -20.28259 -6.013698 5.11762 4.620273 7.264048 1.730731 0.96547 2.214725 3.125763 1.226187 264 264 264 248 264 256 248 264 264 264 264 64 1
0.9990442 -1.899896 -0.7572801 -3.268293 0.3868466 0.9579142 0.7151192 -1.233394 -1.292374 -0.8931451 -1.237333 264 248 248 248 264 256 256 248 252 248 252 65 1
-3.777349 13.08843 3.231667 -1.836531 -2.363986 -1.672736 -2.435208 -3.436361 -3.625902 -3.401531 -1.918502 264 256 264 256 248 256 248 264 248 264 248 66 1
2.629012 7.8908 5.104941 -0.7030609 0.4901362 1.975821 -2.711301 6.58006 3.223311 1.354868 3.026262 248 264 264 248 248 252 264 248 248 248 248 70 1
0.8205223 -1.776453 -0.3811361 -1.371908 0.8148063 -3.248706 0.9853897 0.6850947 0.533181 0.7881343 0.5644246 264 252 248 264 264 260 264 248 248 248 248 74 1
3.25102 -5.828773 -21.31273 3.509811 3.24621 3.696047 3.284755 1.413848 4.172011 1.480379 3.256225 264 248 248 264 264 264 264 248 248 248 248 75 1
-2.783255 -1.231704 -1.727332 -2.204413 -3.434265 -2.860459 -0.817386 -0.736296 0.04323464 -0.6675385 -0.8430181 248 248 248 264 264 264 264 248 248 248 248 16 2
-2.18262 -2.121308 -1.709463 -3.258737 -3.262164 -3.124246 -3.527316 3.128793 3.227552 1.976221 0.4173184 264 248 248 264 264 264 264 264 264 264 264 17 2
4.135438 -3.357036 0.7658455 1.476888 1.031739 3.114597 1.105317 2.148389 3.619612 2.195206 5.720878 260 248 248 248 248 248 252 248 248 248 252 23 2
3.422784 0.3453698 -12.93017 3.792785 4.420512 -0.4430131 1.665463 2.281552 2.208156 1.914394 0.9507269 248 260 264 248 248 248 248 248 248 248 248 24 2
2.000512 -5.868371 -1.928964 2.171198 2.414082 1.113567 2.435414 -1.298324 -0.9347948 -1.412274 -1.30367 256 248 248 264 264 264 264 248 252 264 248 26 2
1.276131 0.4581941 0.8464975 3.623515 2.102942 2.602206 1.712349 -0.0846502 1.271712 0.6726196 -1.620943 248 248 248 248 248 248 248 248 248 248 248 27 2
0.04702914 -19.56976 -7.864194 1.361299 0.2449318 0.8507497 1.363696 0.5355152 0.5294174 0.4536678 0.3677891 248 252 248 264 264 264 264 248 248 248 248 28 2
18.06617 2.784198 10.1885 11.79166 13.3224 11.42046 10.08206 -1.583048 -1.177785 21.24892 -1.365872 248 264 264 264 264 264 264 264 264 264 264 29 2
-6.172898 5.355928 -0.9709101 -3.550067 -1.249349 -1.040685 -0.8829476 1.943431 -3.257463 -2.440175 -3.250523 264 252 252 248 264 264 248 248 248 264 248 30 2
3.831038 -5.52037 0.03850496 8.203267 8.172697 5.768929 6.646747 -0.5924604 4.134574 -0.6557053 4.741955 248 264 248 248 248 248 252 248 248 248 248 31 2
-0.9764757 -3.162648 -1.49752 4.860255 5.678986 2.639937 5.928623 -1.208947 -1.135057 -1.094027 -0.9668748 264 264 264 252 264 256 264 264 264 264 264 32 2
4.39315 1.932511 3.304845 0.6749972 1.881389 0.5728296 1.797714 4.38389 4.393326 4.481836 4.491988 248 264 260 252 248 252 248 248 248 252 252 33 2
0.2832295 0.1500878 0.1976066 1.065056 0.6188574 1.118053 1.046875 0.724259 0.184779 0.7532103 0.278834 248 248 248 252 252 256 252 248 248 248 248 34 2
0.6358616 0.7991343 0.9386982 1.472043 1.094182 0.9392765 0.8509388 0.2746273 0.4657999 -0.1398478 1.143493 248 248 248 264 248 264 248 248 248 248 248 35 2
1.12227 5.337262 3.505733 1.525159 1.774076 -3.456544 1.843916 5.089638 4.011484 2.778936 2.047855 252 260 252 248 252 248 252 248 248 248 264 36 2
-2.53535 4.056896 0.2541177 -3.763416 3.431769 -4.033177 -4.327722 0.5425268 0.7185438 -1.114427 0.6877024 264 256 264 248 248 248 248 260 260 264 260 37 2
5.83791 0.6658822 3.384195 1.638949 4.420125 1.651559 4.470717 3.48594 3.548415 3.324358 3.536424 252 264 260 248 264 248 264 248 248 248 248 38 2
6.267554 -8.730608 0.05698558 4.194617 5.060189 3.860652 5.146493 3.459715 3.730746 -0.8085559 3.779909 264 248 260 264 264 264 264 252 252 264 252 39 2
-0.9001696 0.5860723 0.03486466 0.5749383 -0.7389376 -0.6094575 -2.145216 1.461564 0.4162844 1.684451 1.185469 256 264 264 248 252 248 252 264 264 252 264 41 2
3.009701 -3.858965 0.2660632 0.7827348 4.159996 0.9727843 2.21831 5.841046 4.642033 4.512359 3.722963 252 248 248 248 248 248 248 264 252 264 248 42 2
-1.133115 16.22178 5.997981 -0.5669394 -0.4991795 -3.530949 0.4525117 -1.190674 -1.2984 2.961374 -1.276487 264 248 264 264 264 256 264 264 264 248 264 43 2
-5.257343 4.387261 -1.342747 -3.245511 -3.25392 -3.424655 -2.991991 -5.303439 -4.300969 -5.39678 -4.080572 248 248 248 248 264 260 248 248 248 248 248 44 2
-0.2426139 -4.416025 -10.45013 4.592895 2.29052 -1.015731 5.373125 1.602405 1.984221 2.003262 1.946033 256 248 248 256 260 256 260 264 264 252 264 45 2
4.999471 9.990857 7.333163 -3.067914 0.4096158 -4.575228 0.4735346 11.08441 9.875586 5.519009 10.03762 248 264 248 248 248 248 248 264 264 264 264 46 2
-2.74542 6.158348 0.8217866 -1.861371 -0.5711614 -2.050102 -0.4821088 -0.6484069 -0.7921093 -0.7063192 -0.5714493 264 252 260 256 260 256 256 264 264 264 264 47 2
4.305262 3.267512 4.069196 4.910638 5.083751 1.116401 5.060984 0.8839537 3.216046 0.351534 1.048557 248 248 248 248 248 256 248 248 248 248 248 48 2
2.774231 2.524094 2.770313 2.662465 2.754933 1.742987 2.996049 1.870606 2.654271 1.631348 3.747393 248 248 248 264 248 264 248 248 248 248 248 49 2
-5.267794 6.075734 0.5378478 5.086658 2.211874 2.09807 2.922619 -4.067445 -2.108508 -4.146796 -1.059215 264 264 264 256 260 256 264 248 264 248 264 50 2
-2.596083 11.30375 2.842991 -4.929521 -3.426178 -3.222579 -3.482641 -1.046968 -3.361998 0.8714275 0.1566715 248 248 248 264 264 248 264 248 248 248 248 52 2
-1.007829 1.728341 0.394365 -2.235299 -2.382338 -3.13522 -2.032367 1.397278 0.6387497 0.7156458 0.471193 264 248 248 264 264 248 264 264 264 264 264 53 2
1.052733 -9.382786 -3.293062 2.613724 1.136615 2.942686 1.282907 1.743323 1.727702 2.707993 1.139046 256 248 248 248 248 248 264 248 248 248 248 56 2
-4.637627 16.25204 2.565901 5.01283 5.852111 -3.051802 6.093558 -14.44981 -11.093 -7.778893 -10.69197 264 248 248 264 248 264 248 264 264 252 264 57 2
0.5588887 -1.618451 -1.492058 1.58641 0.3492798 1.665936 -1.393627 -6.067533 -7.389455 -6.436776 -7.192075 248 252 248 256 248 256 248 248 248 248 248 58 2
5.960833 4.339131 4.581951 5.586001 6.09766 -1.22634 4.889222 0.1301397 6.466665 1.389569 5.921521 264 260 264 264 264 264 264 248 264 264 264 59 2
-6.882663 4.132 -1.561255 -4.353812 -4.782159 -1.083418 -4.631303 -1.219192 -6.786695 -1.371601 -6.474046 264 264 264 248 248 256 248 264 264 252 252 60 2
3.362236 -5.893877 10.9606 -3.748172 3.837772 -4.513996 3.741573 5.990972 6.55455 5.504628 6.862023 248 264 252 248 248 264 248 248 248 248 248 61 2
-0.1161735 -0.8027033 -0.7367805 -0.76753 0.4740772 0.8254632 0.4766659 -1.195163 -0.8051007 -1.262919 -0.9223076 256 264 260 256 264 252 260 260 260 260 260 62 2
0.4703724 0.08894418 -1.860011 -1.785518 3.475498 -5.790592 5.054057 -14.46166 -7.910258 -27.17456 1.304936 264 260 264 248 264 248 264 264 264 248 264 63 2
4.119227 2.300156 2.737831 2.711304 3.536868 2.761806 1.320197 -1.940893 4.58104 0.9560833 1.304262 248 248 248 256 248 260 256 248 248 256 248 64 2
-6.990996 -2.420129 -3.954391 0.3905619 -7.429172 -0.1711586 -6.780234 -0.6809877 -2.595615 -0.8122274 -0.574982 248 248 248 252 248 252 248 248 248 248 248 65 2
-6.46759 -4.432612 -5.355125 -2.388853 -4.256906 -2.235816 -4.177314 -4.824866 -2.941734 -4.860659 -2.274094 248 264 264 264 248 264 248 264 264 264 264 66 2
3.757344 -2.509649 1.933462 2.981107 4.184329 1.794648 4.532456 6.091027 4.957079 0.2524081 5.003805 248 264 248 248 248 264 248 248 248 264 248 70 2
0.9632684 -6.722844 -2.35688 -1.080706 1.108772 -1.330152 0.9920055 1.540996 1.483075 1.632962 1.474059 264 260 264 264 264 248 264 248 248 248 248 74 2
6.878656 -1.794395 3.977825 6.879579 6.851008 9.904851 6.814383 7.810075 6.451764 8.019896 7.632751 256 252 252 256 248 248 248 256 248 256 256 75 2
