O1_amp O2_amp Oz_amp PO3_amp PO7_amp P7_amp PO9_amp PO4_amp PO8_amp P8_amp PO10_amp O1_lat O2_lat Oz_lat PO3_lat PO7_lat P7_lat PO9_lat PO4_lat PO8_lat P8_lat PO10_lat ID emotion
-1.422214 2.267756 -0.3304484 -5.144775 -3.644873 -4.886627 -3.486076 -0.5540539 -0.3172221 -0.5594837 -0.6990427 264 252 252 264 264 256 264 264 264 264 264 16 1
3.193724 -8.239628 -8.937083 2.146597 2.127605 2.35826 2.185247 2.468518 0.8311489 3.375696 2.658598 264 264 256 248 248 248 248 264 264 264 264 17 1
-9.012525 0.01521511 -4.730395 -5.458781 -9.975465 -4.117357 -9.947017 -2.592829 -8.155442 -4.777404 -7.372435 264 248 248 264 264 264 264 260 264 256 264 23 1
-1.070629 1.479281 -5.088593 -0.7684407 -0.5996936 -1.997871 -2.334291 -1.702445 -1.66368 -2.056273 2.215707 248 264 248 248 248 248 260 248 248 248 260 24 1
-0.4736151 2.652771 1.237423 2.530758 2.910822 4.296912 0.6794097 0.5217898 0.4559608 2.037265 0.6301409 248 264 248 252 252 248 252 248 248 248 248 26 1
-4.536444 -6.028031 -4.781912 -0.4453927 -2.498521 -1.13055 -1.782676 -2.331782 -2.742211 -2.745725 -0.5807291 248 260 248 264 248 260 248 248 248 248 248 27 1
-2.634558 2.100455 -0.8412922 -4.151165 -3.993387 -4.096873 -3.981345 -2.347099 -2.31567 -2.245764 -2.386526 264 248 248 264 264 264 264 264 264 264 264 28 1
10.29887 -4.340468 1.854376 -1.201377 5.39108 -0.4920181 2.401711 -2.800699 -2.675555 4.678374 -3.05492 248 248 248 248 248 248 248 248 248 252 248 29 1
-1.845634 -0.8923601 -2.086732 -2.43204 -1.255967 -2.971236 -2.020179 -5.524308 -0.8788307 1.280214 -1.034548 252 264 264 264 264 264 264 264 256 264 264 30 1
-1.84014 2.175551 -0.07723918 -3.65352 -3.433694 3.145506 -1.60343 1.239739 -2.021666 1.317742 -2.320811 248 264 248 248 248 248 248 264 248 264 248 31 1
-0.2709708 -3.284616 -1.91292 -1.847202 -1.585519 -1.48063 -1.520724 -0.07981464 -0.02991809 -0.1543412 -0.06650983 252 264 256 248 248 248 248 256 252 256 256 32 1
-3.061944 5.075154 -0.003556162 -2.751305 -4.380983 -2.695925 -4.411191 -2.755665 -2.973933 -2.997418 -2.771785 248 256 248 264 264 260 264 248 248 248 248 33 1
-0.9609553 -0.5542008 -0.7787734 -1.930958 -2.032285 -0.7848698 -1.798528 0.3370808 -0.7987361 0.07245356 -0.6768791 264 264 264 248 248 264 248 256 264 264 264 34 1
2.404126 8.857244 5.371196 2.838781 2.589179 -0.6134124 1.103891 3.72516 3.396221 1.283242 3.690632 264 264 264 260 264 248 260 264 264 264 264 35 1
2.122143 -1.269272 -0.3865992 -3.887585 -1.085052 -2.153462 -0.9147571 -2.28484 -2.056325 -1.880026 0.4723777 264 264 264 264 264 252 264 248 248 248 248 36 1
1.117895 -7.855778 -1.665106 6.766592 -1.482706 7.445646 4.049469 1.600037 1.586522 1.352655 1.688184 248 264 264 248 248 248 252 252 252 252 252 37 1
4.02002 1.962334 -1.494233 -5.500227 -2.531876 -5.216547 -2.539478 3.656848 3.671832 3.726357 3.444731 264 256 264 264 248 264 248 252 252 256 256 38 1
-3.550224 1.66176 -0.7752078 1.470245 -3.393048 1.724402 -3.270577 -1.634175 -2.339664 1.430232 -2.16542 264 252 264 264 264 256 264 264 264 264 264 39 1
0.2648692 -6.923227 -3.384977 -2.371819 -2.134914 -5.543558 -3.888108 -1.136788 0.3938075 -6.039523 -0.9724541 248 260 260 248 248 248 248 260 256 248 260 41 1
9.480211 -3.989754 -1.545628 16.12372 9.642518 16.21621 6.539448 5.045727 4.253449 6.926951 -3.438608 248 248 248 248 248 248 264 248 248 252 248 42 1
2.095767 11.26701 7.241334 8.516365 8.834699 3.252205 9.744197 8.580353 8.385847 3.09334 8.544362 264 248 252 264 264 256 264 264 264 260 264 43 1
2.742706 2.021446 2.113048 2.077689 2.156671 -4.371676 2.222205 -2.030919 2.72705 -1.932093 2.463211 264 264 264 264 264 264 264 248 248 248 248 44 1
0.01003805 -2.054029 -0.9332962 -2.363359 -2.756277 -2.454227 -1.241034 1.666383 2.84053 0.4786846 3.021358 248 264 248 248 248 248 264 248 260 248 260 45 1
1.368917 -1.207558 0.4970036 0.3692169 -0.0594615 0.4994627 -0.02676001 2.448762 2.345115 2.147998 1.698508 264 248 260 264 264 264 264 264 264 264 264 46 1
0.9028866 5.948321 1.37214 -7.420682 0.6895008 -7.358058 0.7372917 -2.009933 -1.588088 -1.982906 -1.48225 264 248 264 264 264 264 264 264 264 264 264 47 1
-1.470807 -2.3188 -1.635654 -2.839955 -2.69733 -1.79278 -2.414519 0.086179 -1.038462 -0.1142315 0.2211374 248 252 248 248 248 248 248 248 248 248 248 48 1
0.9025775 -5.918901 -1.825943 2.534327 1.084802 5.125493 1.138504 -0.7980185 1.029254 -0.6574466 -2.306744 248 248 248 248 248 248 248 248 248 248 248 49 1
-3.673018 0.6339386 -1.782549 -5.186616 -5.737548 -4.020743 -6.638601 -2.016931 -1.096629 -2.084391 -1.073389 248 252 248 248 248 248 248 248 248 248 248 50 1
-9.746633 4.568497 -3.554202 0.3747402 -4.755229 -6.450181 -4.785441 -10.13045 -10.7663 -8.09997 -5.914177 248 264 264 248 264 248 264 248 248 248 248 52 1
-3.023715 3.325726 -0.7929178 -4.119707 -4.134778 -5.984756 -3.892117 -2.209687 -2.783117 -1.963531 -2.652816 248 256 256 264 264 264 264 264 264 264 264 53 1
-1.227774 -4.180261 -1.644545 3.709024 1.983684 -1.564521 -0.05128725 1.726814 0.9086961 1.541025 0.7260318 248 252 252 248 248 260 248 248 248 260 248 56 1
-1.269978 -2.015135 -0.856216 0.05645127 0.2247672 -10.15009 0.3738067 1.217383 1.907841 -0.2212723 2.206358 260 264 264 264 264 248 264 264 264 248 264 57 1
-5.183448 -1.133041 -3.47988 -4.132646 -5.188959 -4.034797 -2.659951 -1.564885 -0.5656013 -6.030624 -0.3574383 248 264 248 248 248 248 248 248 248 248 248 58 1
-0.280174 1.915525 0.3641105 1.245988 1.383476 -2.867653 3.031491 -5.35539 -0.6321031 -3.586492 -0.7399305 264 264 264 260 264 260 256 264 264 264 264 59 1
-2.68631 1.899858 -3.558245 -5.856208 -5.352142 -4.266093 -5.360335 -2.652881 -1.677393 -3.708571 -1.605025 264 248 248 264 264 264 264 264 264 264 264 60 1
-7.416181 -7.991028 -6.874317 2.706222 -2.685257 2.714855 -2.601825 -8.34937 -7.830818 -8.171381 -7.817898 248 264 248 248 248 248 248 264 264 264 264 61 1
-8.146418 6.846906 -1.705158 -5.586699 -1.6228 -5.675363 -1.71975 -4.035732 -3.894967 -4.064624 -3.808104 248 264 248 248 248 248 248 248 248 248 248 62 1
-0.5091122 -0.1914473 -0.7996331 -2.682242 -1.618653 -1.172995 0.0643209 -1.449047 0.06186192 -3.197707 0.9785198 248 264 264 248 248 248 248 256 260 256 264 63 1
2.537874 -13.37649 -4.825007 -0.7770436 1.176657 2.33479 0.7301479 3.627476 4.836291 5.283925 1.924931 248 264 264 264 248 256 248 264 264 264 264 64 1
-0.9425257 -2.555438 -1.579977 -0.6208107 -0.1934645 -0.4831001 0.500223 -0.2320445 -0.3457773 -0.4054758 -0.1151646 252 264 264 248 248 260 248 260 260 260 260 65 1
1.526272 8.268604 5.114253 -1.511459 -1.03617 -1.12768 -0.950865 5.043236 -5.28192 5.086789 -3.774797 264 248 264 256 264 256 264 264 260 264 260 66 1
-1.340642 -3.822117 -1.748563 0.08333545 -1.888261 -4.602336 -0.6613826 2.528659 0.3188297 -1.589988 0.280472 264 264 264 260 260 248 260 260 264 264 248 70 1
-0.3027453 2.161292 0.3359889 -2.734226 -0.4433222 -3.590939 -0.2706741 -0.7065179 -0.7207876 -0.6171714 -0.7005196 264 248 256 264 264 264 264 264 264 264 264 74 1
0.3432314 3.599842 2.003621 0.298494 0.1891743 -0.4286286 0.08977909 2.152709 2.265609 2.387648 1.993826 252 264 256 252 252 248 252 252 252 252 252 75 1
5.118476 -3.184043 1.593896 2.659028 4.67217 2.640385 4.048596 4.155102 4.680003 4.036824 4.340163 260 256 256 260 260 260 260 260 264 264 264 16 2
0.5903532 6.088103 -5.599679 -0.4902928 -0.3808306 -0.2765996 -0.1273027 -1.942759 -1.92761 -1.795553 1.360652 264 248 260 248 252 252 248 264 264 264 264 17 2
6.459769 3.476056 4.462171 3.898024 3.393368 4.172687 3.285303 -0.4189067 4.621258 2.23247 4.413795 248 248 248 248 248 248 248 252 248 248 248 23 2
-1.437599 2.123612 -6.470131 -1.22573 0.5702413 -3.411636 2.105688 -3.150427 -3.052878 -3.525074 -2.109874 248 264 260 252 248 264 248 264 248 264 256 24 2
-0.5468983 9.545525 4.061928 -0.6314744 -1.184961 2.36101 -1.714441 4.324767 4.788444 4.304517 4.121386 264 248 248 264 264 264 264 256 256 252 260 26 2
-0.5135001 -3.6822 -1.853096 0.3514692 -0.1622498 0.5882589 0.09394274 0.08839013 0.2050888 0.5363764 -1.110895 260 264 264 264 248 264 264 248 248 248 248 27 2
-1.957371 2.239443 2.56694 2.003172 0.6613135 0.9917831 1.416394 -1.422869 -1.633962 -1.576816 -1.742224 264 252 256 248 264 248 264 264 264 264 264 28 2
11.79351 -2.594059 3.468707 3.650514 13.10683 2.692345 12.10815 -5.367052 -5.479571 -1.335981 -5.322645 248 248 248 252 248 256 248 248 248 248 248 29 2
0.5899387 -1.31164 0.03757896 0.04455097 -1.454463 -1.692857 1.798064 0.4539408 1.749552 -1.558428 1.732166 256 248 248 260 256 260 260 248 248 264 248 30 2
3.812803 -4.866267 0.7143755 3.024251 2.684726 3.130672 -0.1929322 5.073752 3.834807 4.961213 4.339617 248 264 264 264 264 248 248 264 248 264 248 31 2
5.062163 -5.900844 -11.37343 -2.299371 0.8646768 0.0703735 0.09268676 4.790862 4.72779 4.740006 4.851961 264 248 252 260 260 260 260 264 264 264 264 32 2
4.812055 -10.78116 6.230582 6.450859 6.460243 6.49103 5.606114 4.925212 4.818904 4.570243 4.764845 248 248 248 264 264 264 264 248 248 248 248 33 2
2.951726 0.2708279 1.232122 -0.210885 0.4054522 -3.614332 -0.2256203 -1.551863 2.986615 -0.8462073 2.893463 256 264 260 248 248 256 248 260 256 256 256 34 2
-0.6076785 -1.939306 -0.9873199 0.0275072 1.011052 0.05270274 1.220725 1.30477 -0.586836 0.603709 1.419336 256 248 248 264 260 248 264 248 248 248 260 35 2
-4.132165 4.169723 -0.142615 5.00129 0.2230045 2.024805 0.2737273 -6.308102 -5.937784 -7.704915 -9.149385 264 260 264 248 264 264 264 264 264 264 264 36 2
0.7901601 2.506906 1.052265 1.802003 0.9682703 3.821813 -0.2557862 1.875623 1.697142 -1.630278 1.789357 248 248 248 264 264 264 264 248 248 248 248 37 2
-3.134046 -9.21097 -4.750981 3.411156 3.474942 3.431528 3.603806 0.565689 0.5043947 0.6775091 0.6215406 248 256 256 248 248 248 248 252 252 252 252 38 2
-9.011713 1.801112 -4.249494 -3.886302 -7.853187 -4.920878 -8.140184 -7.371155 -7.469136 -5.897074 -7.655187 264 260 260 264 256 264 264 264 264 248 248 39 2
0.6164769 0.4018143 4.24957 0.1431836 2.749253 -5.117877 -1.528036 -2.127719 -1.094457 -1.866857 -2.330731 252 248 248 248 252 248 252 264 256 248 264 41 2
10.11899 -2.348792 9.301025 11.69704 -1.231184 12.20427 3.683328 8.370646 1.166652 2.372177 3.408228 264 248 264 264 264 264 264 248 264 248 256 42 2
6.432096 13.4638 -5.29607 9.139389 9.259671 4.784387 9.954734 8.546993 8.292795 12.36976 8.459078 248 248 252 248 248 248 248 248 248 248 248 43 2
2.437929 5.0574 -13.95262 2.425993 2.372758 -0.5965306 2.434635 4.676916 4.286687 4.69788 4.099839 248 264 248 248 248 248 248 264 264 264 264 44 2
3.481782 -7.722068 -7.934929 3.405531 5.440881 1.917383 -0.7475716 4.280354 4.880861 3.275982 4.925552 248 264 260 264 248 248 248 248 248 248 248 45 2
-3.076667 2.759032 -0.6511145 -2.833335 -2.660047 -5.041706 -2.014073 -1.78111 -3.067675 -4.154319 -3.696695 264 260 264 264 264 256 248 264 264 264 264 46 2
-3.630501 -5.638459 -2.721821 1.656912 -2.501762 1.729153 -2.539357 2.496806 1.762242 2.728499 1.676652 248 264 248 248 248 248 248 264 264 264 264 47 2
2.667171 9.542997 5.437363 4.303574 4.084027 6.336374 4.458789 0.8012121 0.8311251 0.1384393 0.7331508 248 248 248 248 248 248 248 256 248 256 256 48 2
-1.898386 6.069898 1.163759 -6.249306 -2.110722 -11.26816 -2.210252 0.3862502 -1.849884 0.2008319 3.43304 264 248 264 264 264 264 264 264 264 264 264 49 2
-0.2755309 -1.119033 -0.1013151 0.6513509 0.5557712 -0.7111453 0.5830874 2.001156 2.933331 2.09086 2.745303 264 248 248 264 264 264 264 252 264 252 264 50 2
-6.770216 -8.633566 -6.602042 -4.218502 -6.452866 -1.439693 -6.334235 2.849259 0.7479407 3.234191 -4.56578 248 248 248 264 248 264 248 248 248 248 248 52 2
-4.8557 -6.357324 -4.94059 1.269791 1.031533 1.264621 1.353613 -2.101274 -3.113 -2.874316 -2.958934 264 264 264 264 264 248 264 248 248 248 248 53 2
0.1143403 -8.792435 -3.804025 -3.804583 -0.4097038 -3.082959 -2.971541 3.069238 2.853251 8.482744 2.316474 248 264 248 248 248 264 248 252 252 252 252 56 2
-1.959691 1.133421 4.901374 6.284951 0.8023869 4.155826 1.054849 -0.9791604 -2.248 3.213604 -2.282968 264 248 248 264 260 264 260 264 264 264 264 57 2
-1.887929 -5.312842 -0.2762296 3.659996 -1.607427 3.30579 0.7253962 -6.034751 -5.963149 -6.694057 -6.121396 264 248 248 264 264 264 264 248 248 248 248 58 2
2.744156 3.428674 -12.49192 3.605394 3.174655 4.231374 3.273541 2.180098 3.561742 1.582816 3.609701 264 256 256 260 264 264 248 264 264 264 264 59 2
0.4619699 -1.065335 -3.204341 5.752315 5.642351 1.125694 5.923533 3.092146 -0.7973409 -2.97143 -1.676625 248 248 256 248 248 264 248 248 248 260 248 60 2
10.36517 -20.46118 -1.053918 -0.5183522 -14.23419 -1.212276 -14.15622 9.52686 8.633031 8.065956 8.714139 248 264 264 264 248 264 248 264 264 264 264 61 2
-0.4139511 0.58965 -3.817809 -2.39189 -2.006345 -1.106086 -2.114408 -2.005998 -1.859251 -1.915423 -1.803891 252 264 264 252 252 248 252 264 264 264 264 62 2
2.919949 -6.858617 -2.967184 -3.790831 4.729965 -2.474196 -0.9658422 -4.070787 -0.4040413 -9.327983 0.3977178 264 252 264 264 248 264 248 264 264 264 264 63 2
-3.528526 1.022662 9.28488 1.19809 -0.07708491 -0.8573475 -0.2205677 -3.82303 -4.262689 -3.925735 -4.086079 248 264 248 260 256 248 248 256 256 256 248 64 2
0.2003042 0.2677638 -32.93951 -2.406516 -4.490352 2.281606 -3.978877 0.6072784 0.2577669 0.522515 0.8064629 248 264 248 248 260 248 260 256 260 260 260 65 2
-0.1605279 4.424409 -8.000089 0.7920043 -0.6563089 1.268839 -0.5285287 9.441193 2.317291 9.229788 3.030224 264 264 248 264 256 264 256 264 260 264 256 66 2
4.632313 4.081607 4.85436 4.384645 2.207296 -5.45876 2.198309 4.983687 5.291949 -9.556213 5.467 248 248 248 252 252 264 248 256 252 260 252 70 2
-4.489507 -0.6767204 -2.100453 -1.901742 -4.414638 -1.16857 -4.659232 -1.336637 -1.364208 -1.431309 -1.432812 260 248 260 264 260 248 260 260 260 260 260 74 2
-0.2763416 -1.000629 -0.1470613 -0.1817972 -0.310574 0.3472576 -0.3102058 1.172527 0.3354939 1.160978 0.8612049 248 248 248 248 248 264 248 264 264 264 264 75 2
