O1_amp O2_amp Oz_amp PO3_amp PO7_amp P7_amp PO9_amp PO4_amp PO8_amp P8_amp PO10_amp O1_lat O2_lat Oz_lat PO3_lat PO7_lat P7_lat PO9_lat PO4_lat PO8_lat P8_lat PO10_lat ID emotion
-3.815349 -0.2715426 -2.408393 -3.017844 -3.67979 -2.268182 -3.259971 -4.4593 -4.44023 -4.504151 -4.436422 188 172 176 188 188 188 188 180 180 180 184 16 1
-1.000584 4.83126 2.106439 -0.4774476 -0.656795 -0.6635343 -0.6905041 2.436195 0.5623468 1.719489 0.4188821 188 172 176 188 188 188 188 184 180 184 184 17 1
0.01256728 1.21239 0.8174927 1.983019 -0.8792866 4.028261 -0.7510916 0.4914565 -0.9746011 1.936272 -4.896986 188 172 172 184 188 188 188 176 176 172 172 23 1
-5.01572 -0.6233045 -4.654541 -5.975926 -5.732202 -8.187482 -2.519347 -1.338737 -1.281423 -1.715121 -1.215035 188 188 172 188 188 184 188 184 184 184 188 24 1
0.7644582 -3.467955 -1.011795 3.351695 2.58219 2.675289 2.515204 -0.8578984 -1.527484 -0.01691885 -2.042317 176 184 184 172 172 172 172 184 172 188 172 26 1
-1.610235 -1.833216 -1.610181 0.1369618 -1.319735 -1.908138 0.4127227 -1.983843 -1.873251 -2.619967 0.3748384 172 176 172 172 172 172 172 176 172 176 176 27 1
-1.095372 1.528979 0.1876835 1.267509 0.2864402 1.566086 1.012457 -1.0797 -1.011275 -0.9885357 -1.044574 172 172 172 188 188 188 188 172 172 172 172 28 1
3.880473 4.766223 4.958886 9.515092 4.684678 9.788485 3.407162 4.580501 4.817513 7.494197 4.646131 188 188 188 184 188 184 188 188 188 188 188 29 1
0.06705462 1.544275 1.177312 3.06841 2.648225 1.16282 -0.208774 1.186046 -0.2629594 3.451869 -0.2622093 180 188 180 180 180 172 172 172 180 180 180 30 1
0.2643676 -6.731172 -16.69606 0.2720742 0.3565646 5.874066 -1.623515 2.290172 0.2827102 2.267997 -1.995846 188 172 172 188 188 188 184 188 188 188 188 31 1
-0.173443 3.77975 1.963015 6.223955 7.180586 2.70197 7.57805 -0.3053239 -0.3140925 -0.3639523 -0.2584049 172 172 172 188 188 188 188 172 172 172 172 32 1
3.535652 -1.493393 0.8648883 -3.718415 -0.7338177 -3.453044 -0.8179879 3.619212 3.662214 3.740438 3.482013 188 172 172 172 172 172 172 188 188 188 188 33 1
-4.34122 -2.273422 -3.670012 -0.5156649 -0.8560293 -2.626122 -0.5933961 -5.244417 -4.408168 -4.797526 -4.505799 172 172 172 172 172 176 172 188 172 188 172 34 1
2.812321 3.315848 2.533431 0.07719048 1.99331 -2.972934 2.835968 0.7014601 0.7477271 -1.278105 2.06915 184 188 184 184 188 188 188 184 184 184 188 35 1
3.594069 -2.295619 0.75412 3.096358 4.026083 1.708642 3.999112 0.1230534 2.22283 -0.6906773 1.141412 180 188 180 172 176 172 176 184 180 184 184 36 1
2.319968 -2.192001 1.059089 1.606439 -5.571652 3.003153 3.160687 4.287425 4.567472 5.840282 4.155151 176 188 188 176 176 184 184 188 188 172 188 37 1
-3.605982 -1.014581 -2.721423 -7.162633 -3.384204 -6.799806 -3.45234 2.103373 2.006439 2.134197 2.01087 188 172 172 188 172 188 172 188 188 188 188 38 1
1.810737 2.208339 0.8277954 -4.045846 -0.6820583 -5.109786 -0.6810138 -0.3110695 -0.4256133 -7.546573 -0.233164 180 188 172 172 188 184 188 184 180 184 184 39 1
5.835321 8.320837 9.274999 4.05474 4.464012 0.1558812 3.780113 6.974219 7.155821 7.284306 6.956252 176 184 188 172 172 184 172 180 180 184 176 41 1
3.665448 3.088775 2.743734 0.6460354 2.013012 0.8345985 -4.503375 0.4581461 -0.6260964 -2.564108 -2.066219 184 180 184 184 184 184 172 188 188 184 188 42 1
0.2145396 -2.932608 -0.8386514 -1.775425 -1.485172 0.5123412 2.740416 2.3125 2.326339 2.518416 2.24894 172 172 172 172 172 176 172 172 172 180 172 43 1
2.220016 0.06086234 1.652671 2.295417 2.30445 2.958984 2.206787 3.630608 3.742462 3.481028 3.591546 188 188 188 172 172 172 172 188 188 188 188 44 1
0.5254907 4.348765 -0.1172289 -3.029248 -0.4885948 -1.692134 -2.399742 -4.326741 -1.293608 -3.017294 -1.465816 188 172 172 188 188 188 188 188 184 172 184 45 1
-5.053717 -3.570445 -3.818587 -0.4935589 -4.060693 -1.076746 -2.641413 -2.093668 -3.55092 -0.6210073 -3.812092 172 172 172 180 172 172 172 172 172 188 172 46 1
4.738026 4.007323 3.679325 -3.907106 0.6643505 -3.964174 0.6822695 3.781473 4.132569 3.703931 4.177583 188 188 188 172 184 172 184 184 184 184 184 47 1
1.922327 1.047357 3.408548 -0.1508861 0.1030851 -1.155891 0.05010383 -1.557248 0.6584843 -1.544425 -1.484259 176 180 188 180 180 184 180 176 176 176 176 48 1
2.667838 -1.01869 1.160995 1.674202 2.413682 2.820729 2.25823 1.977796 2.569812 2.021818 2.59058 188 184 188 188 188 180 188 188 188 188 184 49 1
-1.927932 -2.057684 -1.898432 -1.019876 -2.823983 -1.1966 -0.4225177 -0.9729072 -1.633693 -1.016883 -1.452564 188 188 188 176 176 176 172 188 188 188 188 50 1
-0.8277651 10.12324 2.96898 -2.544147 0.1474421 -0.6535583 0.2100986 -4.162962 -2.073023 -4.04893 0.0708171 172 172 172 172 176 176 176 188 172 172 188 52 1
-3.601045 4.332937 -0.1889885 -0.546333 -0.7358974 -4.399601 -0.6365256 -3.130893 -3.419675 -3.033619 -3.484357 188 172 184 184 184 180 184 188 188 180 188 53 1
2.095516 -5.670514 -1.242956 1.997102 2.311823 2.073548 2.757721 0.720255 0.8845792 1.205449 0.8512503 188 180 188 188 188 188 188 184 184 176 184 56 1
-1.238118 3.855948 -0.5180562 -12.14639 -6.24686 -9.29307 -6.326482 -5.718019 -3.990849 -7.637804 -3.890418 172 188 184 188 188 188 188 172 172 172 172 57 1
0.240418 2.777119 -11.96809 1.05662 0.1574541 0.6992912 1.309235 -1.869056 0.2805462 1.04473 0.2375694 172 188 188 172 172 172 172 184 172 172 172 58 1
4.267662 1.792022 2.725635 3.371825 5.828599 0.09628115 4.414334 3.108152 3.74174 1.751702 3.796965 188 172 172 188 188 188 188 184 188 188 188 59 1
-1.097166 -0.4604818 2.952092 -2.282315 -1.585959 -2.858137 -1.633504 -0.6235206 -0.7186621 -1.007662 -0.7669026 172 184 172 188 188 172 188 172 172 172 172 60 1
2.858151 10.87687 8.567627 13.24176 10.90034 13.33863 10.70497 1.247717 1.630737 1.992599 1.633421 176 172 172 172 172 172 172 176 176 176 176 61 1
0.5444988 -0.6625949 -0.03182117 -1.377391 -1.061188 7.280698 -1.140691 1.252607 1.088048 1.162714 1.143418 176 176 176 180 180 176 176 172 172 172 172 62 1
3.270798 3.011226 -2.290832 -0.7916857 3.657459 0.8073614 1.102704 5.721329 6.207688 4.562693 4.019445 188 188 188 188 188 184 188 172 188 188 188 63 1
-1.620148 -2.999051 -2.503529 -0.7200512 -0.9323835 -0.7560883 0.2925974 -5.714557 -2.962758 -1.585214 -2.973695 172 188 176 176 172 172 176 172 172 172 172 64 1
6.673047 2.236507 3.622974 0.5510233 4.569376 -0.8337698 4.371667 0.5326513 0.734877 -0.4807935 0.7049004 188 188 188 180 188 180 188 188 188 188 188 65 1
6.148977 4.186611 4.997625 2.10815 4.067527 1.874695 4.149508 3.213015 2.904031 3.286218 2.878283 188 172 188 184 172 184 172 172 172 172 172 66 1
-0.5148974 -1.397716 -1.160545 0.02591989 1.287344 -0.7155548 1.984919 -3.058035 -1.588834 -1.572493 -1.727241 188 188 188 188 188 188 184 188 188 188 188 70 1
-1.825474 4.304573 0.9447404 -1.556913 -1.698781 0.9667953 -1.823173 0.4220408 0.5692412 0.4289727 0.4822616 172 188 188 172 172 188 172 184 184 184 184 74 1
4.427028 -12.86734 -2.709726 4.497092 4.453944 4.14711 4.447171 3.614445 3.537638 3.913892 3.486509 172 176 172 172 172 184 172 172 172 172 172 75 1
0.1672658 -0.6084601 -0.04730738 -1.140729 -0.6101578 -0.5385668 -0.7067317 2.254629 2.293913 2.379025 2.364335 180 172 172 188 176 188 184 180 180 180 184 16 2
-1.355285 -3.354205 -2.274437 0.4171641 0.4620261 0.4939299 0.3785898 -3.958597 -3.73612 -2.462203 -2.611243 188 184 184 184 184 184 184 188 188 172 188 17 2
-5.384807 13.2412 2.604815 -3.41099 -4.127357 -2.043867 -4.097453 -2.081626 -5.956543 -3.659846 -3.410547 188 172 184 188 188 188 188 188 188 188 188 23 2
-0.7150761 0.6298479 -0.1399388 0.6122638 -0.07103463 -4.527765 0.2706026 1.788838 1.642651 1.400893 0.8587378 184 172 172 172 172 188 172 172 172 180 172 24 2
-1.6662 -2.860117 -2.503451 -0.8448709 -0.9682688 -0.002542722 -1.020768 -3.104243 -2.574027 -2.661144 -3.029238 172 172 172 172 172 172 172 172 172 172 172 26 2
-1.780464 -1.077095 -1.28202 0.1823647 -0.4329064 0.3357886 -2.48145 -0.213339 -0.4362778 -0.09366645 -2.41786 188 172 172 172 188 176 172 188 188 188 188 27 2
-0.8353453 -1.108796 -0.9609825 -0.9994491 0.04259045 0.04391463 0.6095057 -1.32682 -1.370109 -1.323402 -1.199954 172 176 176 188 172 188 172 172 172 172 172 28 2
9.353365 -1.097048 4.197962 13.22931 9.581259 13.64009 6.845946 -2.988683 -3.136939 15.04096 -3.130336 172 172 172 188 172 188 172 172 172 188 172 29 2
2.072458 -1.853202 0.9496709 4.363893 4.188542 4.313908 1.721597 3.27087 3.302652 3.673779 3.322414 172 188 188 188 172 172 172 172 172 172 172 30 2
2.477566 -3.086228 -0.1126389 0.6786858 0.7694748 0.4731314 1.755762 0.32161 2.488601 0.351806 4.540065 172 172 172 188 188 188 188 172 172 172 172 31 2
0.6316729 0.8823511 1.158837 4.209862 3.715484 3.000807 3.869645 0.5456795 0.7428327 0.5937985 0.5794899 176 176 176 172 176 172 176 176 176 176 176 32 2
0.2728424 0.5143785 0.5769094 1.042862 1.413534 1.247363 1.683204 0.2541923 0.2196153 0.5104437 0.2314118 172 172 172 184 176 184 180 172 172 172 172 33 2
0.4368354 -1.183402 -0.02604858 1.100997 1.971779 2.774872 0.9246716 1.703 0.4606666 1.612578 0.4590536 184 172 184 188 188 184 188 188 184 188 184 34 2
1.241705 2.719005 1.773977 -2.704504 -2.260548 1.070244 -3.568644 2.185532 3.012385 0.6535851 2.275401 180 180 180 176 188 188 188 180 180 180 180 35 2
-2.470734 3.852859 1.331944 3.19867 -0.003613997 -1.3321 0.08635116 3.214638 1.26244 -0.5044156 -0.2604033 184 172 172 172 184 180 184 172 180 172 188 36 2
2.156879 1.170094 1.350048 0.04481617 0.6531203 -0.05432851 1.533183 -0.1479171 -0.08563018 0.6161621 -0.04172262 188 172 172 184 184 172 188 172 172 176 172 37 2
0.008245058 1.240481 0.2989601 0.1195562 2.185349 0.1909532 2.294681 -0.7820097 -0.8352612 -0.8412444 -0.7229781 172 172 172 172 172 172 172 172 172 172 172 38 2
-4.347802 -1.944634 -3.135398 -0.6742672 -4.618607 -2.429335 -4.261818 -5.895284 -5.991355 -3.103528 -5.781808 188 176 172 188 188 188 188 172 172 172 172 39 2
-1.980568 -0.3056757 0.1292007 -0.2349028 -1.549748 -3.442368 1.118738 0.9761785 -1.921459 -1.79203 1.062044 188 188 188 188 188 180 188 188 188 184 188 41 2
2.599718 -1.189313 -3.237789 3.54289 2.766014 3.469393 2.184753 1.79377 3.574258 3.54955 1.97833 180 188 188 188 184 188 188 176 180 176 184 42 2
-7.475585 -1.205754 -4.841923 -17.58442 -18.43061 -13.32293 10.57171 1.206575 1.109609 -3.264032 0.8895522 188 172 172 172 172 184 188 172 172 188 172 43 2
-3.499247 -2.423665 -2.778596 -0.5005038 -0.378848 -0.3158631 -0.329664 -0.63074 -2.681089 -0.6604543 -2.69177 188 188 188 188 188 188 188 184 188 184 172 44 2
-0.8173434 -1.144481 -1.568955 -1.882975 -0.06899798 -3.297973 -1.538291 -3.5051 -3.772231 -2.785741 -3.571849 188 184 188 188 188 188 188 188 188 188 188 45 2
-3.492415 2.311611 -1.453851 -4.747166 -4.766955 -4.312993 -3.817841 -3.709693 -2.818909 -2.957911 -2.158539 188 172 188 188 188 188 188 188 188 188 188 46 2
0.6152004 2.674579 0.8187193 -3.347611 -0.4624253 -3.204602 -0.359018 0.09504008 0.4327743 -0.1378209 0.4745836 172 188 176 172 172 172 172 180 180 180 180 47 2
-2.628785 -3.19696 -3.358925 -3.702311 -3.575813 -3.899487 -3.356544 -2.399487 -2.635733 -2.669691 -2.084772 172 172 172 172 172 172 172 172 172 172 172 48 2
4.644191 -2.188406 1.339131 3.783349 5.031001 -0.3927944 5.130956 -0.05666288 4.789575 -0.179131 3.405463 180 172 172 172 180 188 184 172 188 172 172 49 2
-0.8924567 4.14184 0.9885706 -2.151346 -1.554402 -2.299819 -0.4941611 -0.7001234 -1.428587 -0.675278 -1.292946 172 188 188 172 172 172 172 172 172 172 172 50 2
3.032371 1.46608 2.921846 3.707301 2.525954 2.197463 2.710711 4.402934 1.24011 3.195174 5.013955 172 188 188 188 188 188 188 172 172 180 172 52 2
0.4301916 1.891825 0.9923977 -1.573589 -1.624045 -0.6532564 -1.646496 0.6192427 1.166314 1.327934 1.326591 184 172 188 172 172 172 172 176 180 176 180 53 2
3.573909 -3.765864 0.585086 1.085763 3.008525 3.152062 -0.3049138 3.682656 3.185241 4.872037 3.632863 188 172 176 188 188 188 188 188 188 188 188 56 2
0.1367588 -0.4387614 -0.2615515 -0.2888786 0.7653368 0.5374305 0.8427256 -2.674571 -0.9952917 -3.568847 -0.870549 188 188 188 172 188 188 188 188 188 188 188 57 2
-1.908656 -5.698867 -2.589326 -1.149206 -2.082874 -0.7744892 2.813003 4.531781 2.639731 -0.5752705 2.475801 172 172 172 176 172 172 188 188 188 188 188 58 2
1.449479 -1.998263 -0.05570636 2.134668 2.01243 0.8234644 1.486029 1.120879 1.700501 -0.1916677 2.07432 176 188 188 172 172 180 172 172 172 184 172 59 2
4.355181 -1.626929 1.842339 2.411857 3.439283 0.1132651 3.140131 4.448116 4.582627 1.280221 5.014971 188 172 188 188 188 188 188 184 188 180 188 60 2
-0.04226454 -22.01839 9.101601 -1.867718 -0.9985484 -1.519761 -0.9210056 3.796283 2.959954 2.898844 3.105024 188 172 188 184 184 184 184 180 180 180 180 61 2
5.000629 -3.362545 1.311964 3.342225 3.33941 1.615536 3.237857 3.125165 3.042944 3.068267 3.158913 180 172 188 188 188 180 188 176 176 176 176 62 2
3.853848 1.950569 2.211799 -1.144647 2.867563 -0.9014665 1.248421 0.9266573 2.563685 0.298053 0.6514229 176 180 176 172 172 172 172 184 180 180 176 63 2
-1.974686 -0.7968618 -1.150139 2.648234 2.853415 2.821938 1.541326 -1.171397 -0.8164755 -1.337198 1.110963 188 184 188 188 188 184 188 188 188 188 188 64 2
0.8357917 -10.88765 -4.149188 1.571632 -0.6189628 2.194534 0.06949381 1.353933 0.5521843 1.313783 0.7320012 188 172 172 188 188 188 188 188 188 188 188 65 2
0.4890851 -2.176578 -0.914111 0.06801451 -0.009271192 0.05869236 -0.06200422 -1.192692 -3.362423 -1.279541 -3.216155 188 188 188 172 188 172 188 188 180 188 180 66 2
1.023793 11.90333 5.581785 2.213427 0.1475553 3.624557 2.300349 -0.913654 1.701112 4.820644 1.994195 188 188 188 188 188 188 176 184 184 184 188 70 2
0.2201427 -7.326434 -2.837561 -0.9798036 0.1732328 -0.9119328 0.06944462 0.492045 0.5667065 0.4933624 0.5247103 180 172 188 172 184 184 184 188 188 188 188 74 2
-2.049575 -6.729497 -4.280514 -2.131721 -2.13117 -4.395857 -2.00302 -1.844103 -2.567737 -1.704339 -2.439104 188 180 184 188 188 172 188 188 188 184 188 75 2
