O1_amp O2_amp Oz_amp PO3_amp PO7_amp P7_amp PO9_amp PO4_amp PO8_amp P8_amp PO10_amp O1_lat O2_lat Oz_lat PO3_lat PO7_lat P7_lat PO9_lat PO4_lat PO8_lat P8_lat PO10_lat ID emotion
1.773496 -2.063565 1.260849 2.794077 0.2430772 0.9786375 -0.3520456 -2.622678 -2.716856 -3.309052 -3.017418 256 260 260 260 256 256 256 260 256 256 260 16 1
-2.509332 -6.660982 -4.945727 -2.86111 -2.499912 -2.406082 -2.342178 -6.482694 -5.314008 -2.988046 -4.703744 248 264 264 248 248 248 248 264 264 264 264 17 1
-1.453679 -3.530168 -2.022769 -2.663554 -1.840892 -1.994774 -2.530599 -3.118274 -2.963875 -2.312565 0.3014187 248 248 248 252 248 252 252 248 248 248 248 18 1
-1.017632 -3.858132 -0.5747663 -0.9924268 -1.376258 -1.210718 -1.4846 -4.008778 -6.295889 -6.467155 -3.412603 260 264 264 260 248 248 248 264 260 260 260 20 1
-4.25815 -2.580135 -4.06602 -2.239072 -3.172962 -2.328433 -3.073405 -2.296123 -2.693049 -2.843489 -2.090139 248 264 248 248 248 248 248 264 264 256 248 21 1
2.056823 8.388791 7.556802 -1.006662 -0.9837142 -1.762212 -1.007583 1.475089 3.475376 0.9966545 3.604167 264 256 252 264 264 264 264 264 264 264 264 22 1
-0.5233834 7.200578 2.051566 -3.374412 -2.401941 -4.884837 -2.402937 -2.197009 -0.4598199 -3.126796 -1.476776 248 264 260 248 248 248 248 264 248 248 252 23 1
-1.048227 -5.999205 9.70912 3.458613 3.136106 1.504482 4.339164 -11.1256 -11.0059 -11.90932 -5.577616 264 248 264 264 248 260 264 248 248 248 264 24 1
6.173305 -12.91988 -13.01752 8.3063 8.451647 8.125555 8.584476 4.947238 5.030581 5.153876 5.028524 260 264 252 248 248 248 248 256 260 256 260 26 1
-1.547914 -2.249335 -2.128385 2.203159 3.703556 2.023251 1.167794 -2.273551 -2.606785 -2.671608 -2.371739 248 248 248 248 256 256 252 248 248 248 248 27 1
-3.306642 -0.9726918 -2.055076 -2.280786 -2.552977 -2.437065 -2.353524 -0.9986652 -1.075351 -0.7631856 -1.008197 264 264 264 264 264 264 264 264 264 264 264 28 1
0.7503859 14.57488 6.742502 1.687662 1.84704 1.072862 1.747963 -3.852977 -3.85991 -0.9439219 -3.996507 264 264 264 264 264 264 264 248 248 264 248 29 1
-1.978645 -2.42896 -3.103952 -2.955985 -4.348117 -3.572019 -2.778735 -2.359694 -2.831454 -3.398894 -2.353269 248 248 248 248 248 248 248 248 248 248 248 30 1
-2.135579 4.404031 -0.2226609 -5.687541 -5.524406 -4.837939 -2.219544 -2.967008 -2.136757 -3.08027 -4.548831 264 264 264 252 248 248 248 248 264 248 264 31 1
2.743772 -0.5404003 -0.3196472 1.48105 1.412917 1.569305 -0.1938502 -0.5680494 -5.766299 -5.779432 -3.679412 248 264 256 252 252 256 252 264 264 264 264 34 1
0.2645893 -4.757026 -10.57208 -2.869356 -2.509782 -1.281657 -1.219547 2.182416 0.768027 -0.4610607 3.533672 260 248 264 248 248 248 248 264 264 264 264 35 1
-1.345605 0.1906331 1.117001 -1.331144 -2.004241 -1.868894 0.08751653 1.293304 -0.2151802 -0.1089178 -0.1387524 264 264 264 264 264 264 256 256 248 248 248 36 1
-6.349345 -2.07133 -3.790665 -2.567776 -2.21094 -2.248634 -1.007982 -2.117273 -2.043733 0.5983505 -0.6908259 248 248 248 248 260 260 248 248 248 260 248 37 1
1.190488 -1.9399 0.2397724 1.266497 1.876273 -2.001023 2.014159 -1.88489 -1.916281 -1.792903 -2.019781 256 264 264 260 264 248 264 264 264 264 264 38 1
1.220134 -1.558144 -1.175753 1.449462 -1.229605 1.980973 -1.870618 -1.736362 -4.939713 -4.929489 -4.692131 264 264 264 264 248 260 264 264 264 264 264 39 1
-3.607049 8.026445 1.254006 -2.497673 -3.068499 -5.42747 0.8265415 -2.944901 -3.596052 -4.722972 -2.426226 264 264 264 248 248 248 248 252 264 248 252 41 1
-2.501523 -0.5867509 -2.15996 -1.265228 -3.562648 -2.618463 -3.60006 0.3928727 1.052143 0.9098477 -0.6530923 264 248 264 248 264 264 264 248 248 252 256 42 1
-2.394022 3.356179 0.7087709 2.42106 -1.711202 -6.197764 -4.140908 3.147335 3.26765 3.648809 2.002161 248 264 252 248 248 248 248 264 264 264 256 43 1
0.6407227 -0.1655176 -1.145406 0.7501536 0.597761 0.6867905 -0.7216104 -0.1802277 -2.830266 -2.518845 -2.752913 248 264 264 248 248 264 248 264 256 252 256 44 1
-2.076447 -4.798961 -4.777724 -1.599552 -0.4685334 2.206192 -3.022771 -4.7632 -3.751067 -3.420879 -5.570904 248 248 248 248 248 260 248 248 248 248 248 45 1
2.321195 1.058213 0.3624713 0.01803305 2.45906 1.597122 3.556632 -0.1989908 2.753783 4.035758 4.03138 264 264 264 264 248 248 260 264 264 264 264 46 1
-2.361106 5.359529 0.9850633 -1.92401 -0.8905357 -1.912846 -0.9186495 -0.5394775 -0.7479904 -0.5290383 -0.7912514 264 252 264 248 264 248 264 264 264 264 264 47 1
-0.53619 1.595095 -0.02943524 -0.3511911 -0.7952564 -1.207973 -0.04338513 -0.1769394 -0.2091419 -0.5907224 1.024516 264 264 264 264 264 264 264 264 252 264 264 48 1
0.7693191 0.8926028 0.9364778 0.7476977 -0.37856 -3.218291 -1.407913 0.4214865 0.9005902 -0.0703558 1.07038 264 264 264 264 264 264 264 264 252 264 252 49 1
-2.508224 -3.016451 4.736424 -2.407203 -3.695951 -2.714711 -1.01668 -5.669445 -2.533757 -5.650674 -2.484734 264 264 264 264 264 264 248 264 264 264 264 50 1
-4.402482 -6.330752 -5.185744 -4.305364 -0.7766524 0.1811476 -1.950961 -1.202182 -1.73458 -2.986925 -0.2737307 248 264 248 248 264 264 264 264 264 264 264 52 1
-0.1146144 -1.371305 -1.19597 -0.1600144 -0.1092891 -0.1484157 -0.8860079 -1.314142 -1.669102 -2.010252 -2.552923 248 264 264 248 248 264 248 264 264 248 264 53 1
-0.1347161 -0.5076991 -0.2686236 0.2603355 4.128635 5.013164 3.446186 -1.677938 -3.810712 -1.211113 -2.878314 264 264 264 264 264 260 248 264 264 264 248 54 1
2.34137 3.255942 2.696867 2.466545 2.215995 1.065405 -0.3765194 3.332091 4.176995 3.097488 3.428665 264 264 264 252 252 252 264 264 264 264 264 55 1
-2.219837 -2.777298 -1.698161 -2.085405 -2.471492 -2.995947 -1.349848 -2.766645 -3.173333 -2.315873 -1.532099 248 248 248 248 248 248 248 248 248 248 248 56 1
-1.385373 4.845055 -5.924238 1.388313 1.67868 0.3632775 1.679499 0.06274819 -0.6058997 0.1580934 -0.7999312 264 248 248 264 264 264 264 248 264 264 264 57 1
2.670135 -0.2289622 2.607267 3.494886 0.8444616 -0.5949993 0.5650145 -0.1492261 -1.358497 -0.8509997 -2.243015 264 264 264 264 264 264 264 264 252 248 248 58 1
-0.9718258 -0.08745311 -0.04533839 1.361729 -0.2117558 -1.560088 -1.985044 0.5446237 -1.058839 -3.45862 -3.677376 264 264 264 264 264 248 248 264 264 260 264 59 1
-4.985124 -0.005408907 -2.518475 -5.009232 -5.62867 -5.732869 -3.102132 0.05850706 1.996536 1.083146 2.233967 264 248 248 264 264 264 264 248 264 260 248 60 1
-9.292078 -16.54062 -14.8686 2.869959 -0.2910334 2.703965 -0.1098157 -0.09347349 0.4605682 -1.170005 0.5192069 252 252 248 248 248 248 248 264 264 264 264 61 1
-0.3029967 -2.37283 -1.984221 -0.2662335 -1.578769 -2.237208 -0.6886073 -2.193828 -2.360626 -3.094713 -2.35376 248 248 248 248 248 248 248 248 252 264 248 62 1
5.805674 -0.9235682 5.730103 4.196271 -3.103547 -3.224619 -5.233104 3.933362 -1.112968 -5.768174 -14.0452 264 248 264 260 260 260 248 248 248 248 264 63 1
1.199976 1.000113 1.229916 1.22241 -0.7343149 0.1204893 -1.021021 0.9485767 -1.036835 -0.8858054 -1.017696 260 260 260 260 264 264 264 260 264 264 264 66 1
-5.986337 5.940433 -1.439341 -4.856405 -5.332814 -4.218878 -5.238242 -6.345206 -7.971725 -5.08965 -7.157413 264 252 248 256 256 264 260 248 248 248 248 69 1
1.807744 17.78254 8.416926 2.936479 3.065193 -1.17487 3.269549 -1.199429 2.523307 -7.392645 2.990079 264 256 256 264 248 248 248 248 264 264 264 70 1
-1.848769 -2.473502 -1.813957 -1.871676 -2.760606 -2.438526 -2.702889 -2.540675 -2.589023 -2.1636 -2.553258 256 256 256 256 252 248 248 256 256 264 256 74 1
0.8829392 -0.07600306 0.7744046 0.8663501 0.798613 2.678401 -1.086085 0.4661078 -0.1844802 -0.1196216 0.07807659 264 260 264 264 264 264 248 260 260 260 260 75 1
-0.3241203 -0.8989471 -0.3992853 0.7234527 0.09372195 0.3148651 0.8784111 0.0549718 0.2321874 0.1190873 0.1189502 264 256 260 252 264 264 264 264 264 264 264 16 2
-0.1574671 -3.8326 -2.13506 -0.1093112 -0.2631318 -0.1932933 -0.1210202 -1.120212 -2.344984 0.08310305 -2.359924 256 264 248 256 256 256 256 264 264 264 264 17 2
-0.1615272 -0.05506434 -0.6261348 -2.026589 -0.5752355 -0.3791375 1.42869 -0.2163496 0.1880863 0.348578 6.335308 264 248 248 264 264 264 264 248 248 248 248 18 2
-0.2488488 -3.748141 -1.983277 -0.2501731 -2.656718 -2.900992 -3.186219 -3.750351 -7.319234 -7.263937 -4.512206 248 248 248 248 248 264 248 248 248 248 248 20 2
5.400961 0.8947206 2.673713 4.330516 2.411135 1.004373 1.901258 0.8967074 0.9394606 0.4921847 -0.5867822 252 248 252 252 256 248 248 248 248 248 264 21 2
-0.4979351 -1.493882 -0.01108493 -0.6343178 -0.5647852 -0.3776559 -0.644236 -1.88273 -0.2988827 -2.291165 -0.4503484 248 248 264 248 248 248 248 248 248 248 248 22 2
4.341012 1.624288 0.6996105 4.287209 5.851499 0.3255268 2.399735 -0.5036573 0.06003868 -0.5881383 -1.138176 256 248 264 256 256 264 256 248 248 260 248 23 2
3.50763 -2.924818 -22.97085 3.422762 6.631511 4.193545 3.478106 0.02898753 0.09467389 -0.1078658 -1.198295 248 248 248 256 248 260 248 248 248 248 248 24 2
-0.8388864 -5.967281 -39.5879 6.226556 6.825133 6.247787 5.898261 -4.272853 -4.406575 -3.516796 -4.50436 252 264 248 252 252 252 252 248 248 252 248 26 2
-2.392439 -2.319188 -2.26885 -0.5440237 -1.81961 -2.168293 -3.304663 0.4759003 -2.222361 -2.173734 -3.49302 248 248 248 248 248 248 248 248 248 248 248 27 2
-3.945782 -0.4571967 -2.805761 -3.903254 -4.646012 -4.508646 -4.415375 -0.4286737 -0.4347114 -0.2197473 -0.3343303 264 252 264 264 248 248 248 252 252 252 252 28 2
4.895304 19.24888 -19.98324 3.26517 2.479954 2.16806 2.319551 0.09251114 0.1240169 3.594786 0.153806 264 264 248 264 264 264 264 248 248 264 248 29 2
-0.837526 1.63364 1.107064 0.2130662 -2.707263 -3.308983 -2.107358 1.714798 4.949843 -0.9954216 -2.12653 256 256 256 256 264 264 264 252 252 248 248 30 2
8.157245 0.8001304 0.7699457 5.566115 8.307716 8.568533 7.786597 0.2819069 -4.494172 -4.690918 -4.802494 248 264 264 248 248 248 248 264 248 248 248 31 2
-1.983481 -2.502495 -2.641675 -2.302511 -2.364005 -0.5246565 -2.514194 -2.535876 -1.277857 -1.264147 -1.790495 248 248 248 248 248 252 248 248 248 248 248 34 2
5.664432 7.535414 -5.762079 -2.109727 -1.488654 -1.328798 0.823606 2.128643 1.566746 0.8331 0.8251725 264 252 264 248 252 248 248 264 264 264 264 35 2
0.8930383 0.263202 -0.02866155 1.063893 1.64149 1.074502 -0.2377899 -1.975436 -0.8897046 -1.005489 -1.679078 248 248 248 248 248 264 248 264 264 264 264 36 2
0.4791122 2.546341 2.4852 3.740735 0.3138155 0.3990965 -1.217971 3.094262 3.097571 -1.502674 -6.649186 260 260 264 264 248 248 256 260 260 264 248 37 2
-2.305982 -2.032559 -3.914099 -2.224624 0.9991995 3.276719 1.882331 -2.026566 -2.078836 -1.93004 -1.954555 264 248 264 264 248 252 264 248 248 248 248 38 2
-0.8058605 -4.740636 -5.360114 -0.8298313 2.73628 3.343546 3.67887 -4.653819 -2.260734 -2.234528 -2.490049 264 264 264 264 256 260 264 264 248 248 264 39 2
1.742956 2.324471 1.925085 -1.049861 -0.02679679 0.5715759 3.49556 2.311615 2.498392 2.510022 0.6829987 260 264 264 256 256 256 248 264 264 264 248 41 2
-0.1720316 1.294036 -1.480119 1.038179 -0.5404187 -1.208129 -0.5036613 1.278809 2.985019 1.448263 1.629202 248 260 264 248 264 264 264 248 256 252 260 42 2
4.554259 3.70573 5.11575 6.419702 2.010111 -0.4988466 0.5462933 3.655792 3.599121 1.753873 0.7396597 264 264 264 248 248 248 248 264 264 264 264 43 2
-0.8440822 -0.9564314 -1.119217 -1.045336 -0.9251531 -0.7178783 1.035459 -0.8738076 -1.580302 -0.7289888 -1.448731 264 248 264 264 264 248 248 248 248 248 248 44 2
3.287381 2.795291 2.85679 -1.071714 0.8974956 -0.1567433 0.6975573 4.010455 6.111119 1.530646 6.122119 248 252 248 248 248 248 248 248 248 248 248 45 2
0.4205092 -0.5127154 -1.168769 -2.424025 0.6795509 0.2618708 0.4868575 -1.05275 1.71694 1.466263 1.491514 264 248 264 248 252 256 248 264 248 248 248 46 2
0.9399222 0.7902177 1.130718 0.967108 0.8113095 -0.8030775 0.9382994 0.9308422 0.6231533 0.5761586 0.5736933 264 264 264 264 264 264 264 264 248 248 248 47 2
-0.6965691 -4.217203 -4.106193 -0.9535543 -0.4836216 1.367125 0.04241245 -2.515836 -2.63814 -0.9671787 -1.500071 248 248 256 248 248 248 248 248 248 248 248 48 2
4.186716 4.18197 4.175916 4.105108 3.405048 0.2468955 2.631945 1.826857 3.130745 3.892251 2.756109 264 264 264 264 248 256 256 264 264 264 264 49 2
-7.590533 2.853787 3.686746 2.808004 1.140938 1.290357 2.959235 4.791987 -4.306388 4.812737 -3.35526 248 264 264 248 248 248 248 256 252 256 252 50 2
4.527565 1.861176 5.009137 4.644319 2.363454 0.5642224 2.42254 4.544151 3.077302 4.453715 0.0274251 252 248 248 252 256 264 256 252 248 248 248 52 2
-0.1892406 -0.08603366 -0.703338 -0.133224 -0.1145655 -0.4727523 -0.2848569 -0.1497424 -0.9505028 -2.158339 -0.9702533 248 248 248 248 248 252 248 248 248 252 248 53 2
-2.733512 -2.560396 -2.768768 -2.39425 1.217257 4.961031 -0.5798101 -1.890043 -4.709246 -1.965117 -4.126864 264 264 264 264 252 260 252 264 264 264 264 54 2
3.194883 3.193691 4.688646 3.061252 2.966267 1.960211 2.358227 3.328207 5.160857 4.165792 3.825172 252 264 248 252 256 260 252 264 260 256 260 55 2
0.4595959 1.323028 0.6048575 -1.496914 -2.791075 -0.4428692 -2.337776 1.151512 1.203396 -1.044036 1.665769 264 264 264 256 264 248 264 264 264 248 264 56 2
-0.9289158 -3.509205 4.276707 0.8357965 1.290729 -0.5516079 1.341984 -0.8804305 -0.08017343 -1.727256 0.0003703594 264 248 264 252 256 252 256 264 264 248 264 57 2
-2.242082 -1.428455 -2.606962 -0.08943061 0.6885383 -0.9574178 0.4444856 -1.295682 -2.151979 -0.6717749 -4.138543 264 248 264 264 256 260 256 248 248 248 248 58 2
3.106292 0.4024829 2.38601 2.204201 3.931219 0.6636711 1.121969 0.4522097 -0.6610206 -1.752028 -0.6413444 256 260 260 248 260 264 256 248 248 260 252 59 2
5.125896 4.777288 6.820163 5.003822 4.074881 0.6364228 -0.4471214 4.805379 2.046463 -1.415204 -2.768201 248 264 264 248 248 248 248 264 260 252 248 60 2
10.381 5.299946 -19.17566 0.6536105 4.529728 0.1853773 4.896283 1.699309 3.368033 1.185705 3.366775 256 264 264 260 248 260 248 256 256 256 256 61 2
-2.243524 0.5009873 -1.99307 -2.317549 -2.999374 -1.742833 -2.740493 0.4893159 0.5422671 1.148126 0.515628 264 256 248 264 248 248 248 260 260 248 256 62 2
-1.482792 -2.55351 -0.1687087 0.3026648 -3.908194 -3.885269 -4.135657 1.189545 -2.506533 -3.05166 -11.4302 248 264 248 248 248 248 248 264 264 264 248 63 2
0.2407926 -3.889838 0.2221108 0.3994282 -0.4630367 1.482472 -0.6374558 -3.716975 -3.613471 -2.510251 -3.796579 264 264 264 264 256 264 256 264 264 264 264 66 2
1.061705 -2.934361 0.02014852 0.5931221 0.1105363 -2.662043 2.431421 3.248724 1.62218 -0.8126076 3.017519 264 252 264 248 264 260 264 264 264 264 248 69 2
-0.4211704 2.34251 -10.7598 -0.7353529 0.1303296 -0.6513449 -0.1591871 -0.2276692 -0.3332898 -3.980076 -0.00679822 264 256 248 248 256 252 252 264 264 264 264 70 2
0.290011 -2.586839 0.234019 0.3351032 -0.9243662 -0.2609004 -1.933332 -2.515719 -2.685657 -2.895132 -2.701336 248 260 248 248 252 252 248 260 260 264 264 74 2
0.7933173 1.510221 0.8035107 0.7979755 0.9350211 1.970786 -2.162638 1.229898 1.90154 2.260902 1.974215 248 248 248 248 248 248 252 248 248 264 248 75 2
