O1_amp O2_amp Oz_amp PO3_amp PO7_amp P7_amp PO9_amp PO4_amp PO8_amp P8_amp PO10_amp O1_lat O2_lat Oz_lat PO3_lat PO7_lat P7_lat PO9_lat PO4_lat PO8_lat P8_lat PO10_lat ID emotion
-0.7797337 -2.459651 -0.5391674 3.966376 0.7098604 6.029498 0.7041823 1.870898 1.567582 1.970503 1.726705 396 380 392 384 388 388 392 396 396 396 396 16 1
-1.314464 0.26171 -0.8660975 2.542531 2.551465 2.293143 2.79851 -7.504241 -5.968999 -5.021616 -5.169336 396 380 396 396 396 396 396 396 396 396 396 17 1
0.02591529 2.408601 1.921767 2.499761 2.734453 2.284876 2.638165 5.094033 1.482782 2.292166 -1.901608 380 380 380 392 396 392 396 396 380 396 380 23 1
5.865641 -5.222292 -3.209771 -1.204621 4.407021 -5.50156 -1.603252 -8.449282 -8.696623 -10.51055 1.849854 392 396 396 396 396 392 396 396 396 392 396 24 1
1.054216 0.613436 -0.3000223 1.219953 2.462979 0.8035639 0.9364152 1.368297 1.482613 1.153623 -0.1549788 380 396 396 380 380 380 380 396 396 388 396 26 1
-0.1273699 13.45447 5.393111 -0.3298446 -0.8631226 -0.6856465 -4.661108 -0.948562 -0.5622959 -1.338913 -1.484053 396 396 396 392 396 396 396 380 396 396 380 27 1
4.666661 -0.6462027 2.176848 -1.907744 -2.830447 -1.625627 -5.005265 4.976456 4.995659 4.929354 4.885542 396 380 396 392 392 392 392 396 396 396 396 28 1
-4.43068 -0.9662781 -2.083441 -2.321698 -7.0741 -1.134819 -7.476944 -0.5696689 -0.8410231 5.481723 -0.7066234 384 396 392 380 380 380 380 396 396 396 396 29 1
3.610612 3.244408 2.933729 5.701801 1.308463 5.044689 -2.153257 -3.901888 9.861429 7.831026 10.18311 396 380 380 380 380 380 380 396 380 396 380 30 1
4.197093 5.239936 5.335351 9.936884 10.06857 15.63417 5.915254 7.164012 4.175826 7.063669 0.496722 396 380 396 396 396 396 396 396 396 396 396 31 1
1.88396 0.2142748 1.506948 3.465749 2.790712 1.779159 2.907716 2.048041 2.022229 2.019897 2.123535 396 380 396 384 384 384 384 396 396 396 396 32 1
0.8561369 -4.739915 -0.475567 12.00132 6.700616 11.70142 3.192506 0.9856135 0.9113663 1.144596 0.9085973 396 380 392 388 392 388 380 396 396 396 396 33 1
1.026982 -1.310415 0.2702267 1.366358 1.445292 2.963106 1.452129 0.7315828 0.8785278 1.15997 1.077187 380 384 384 380 380 388 380 396 380 396 380 34 1
5.260855 -3.131454 2.466857 7.751067 6.189619 6.304711 -1.432614 7.112477 3.668802 5.413968 -2.07709 396 380 380 388 396 396 388 396 396 396 380 35 1
6.220146 -9.906926 0.4617271 12.12974 8.924274 11.41213 8.820993 5.666247 7.557478 6.306828 4.198769 396 380 380 392 392 396 392 388 396 396 384 36 1
2.828481 4.415638 2.884236 1.813845 6.985229 2.216288 4.121101 -1.037835 -0.9480677 0.8882422 -0.9812889 396 380 396 396 396 388 396 396 396 380 396 37 1
5.761433 5.983978 6.147237 3.120669 1.464156 3.225166 1.323126 5.153358 5.170303 5.019491 5.27104 396 396 396 396 396 396 380 396 396 396 396 38 1
2.696606 4.493758 3.215141 4.710743 3.377546 -0.1737811 3.334347 0.3727086 0.0797684 3.015637 0.2683764 388 388 388 384 388 392 388 388 388 392 388 39 1
1.691492 -0.4872827 -2.263968 2.860195 3.878081 1.157811 2.480047 0.4010835 1.351816 3.214124 0.4653112 396 396 380 396 392 392 396 396 396 396 396 41 1
5.447148 2.176239 5.64438 13.40651 5.81112 13.45715 -0.04801709 7.453172 1.483945 8.541604 -2.886086 396 380 396 396 396 396 380 396 396 396 396 42 1
6.963987 16.45404 11.80834 7.11609 7.387076 1.684635 8.398012 10.89974 10.67782 3.33549 11.12918 396 392 396 392 392 396 396 396 396 396 396 43 1
3.28581 11.88161 7.187762 -0.3235408 -0.2670478 2.330423 -0.7535869 7.895702 5.048202 7.854945 4.74408 392 396 396 380 380 380 380 396 396 396 396 44 1
1.484397 -0.6729066 0.7760279 -0.6055947 -3.375238 -2.30582 -6.032904 3.341221 -3.805057 1.607914 -3.803114 380 380 380 392 380 396 380 392 380 388 380 45 1
5.801494 -6.591345 1.374578 5.434134 5.788898 6.145515 2.427308 9.813782 7.660443 6.970061 5.476508 392 392 392 388 388 396 396 392 396 392 396 46 1
-7.593699 3.174087 -1.902092 -3.459878 -7.975893 -3.469289 -8.081204 0.7076622 -0.04740871 0.9936482 -0.0735154 396 392 396 380 396 380 396 380 380 380 380 47 1
-1.726624 -2.423951 -4.231361 -1.651331 -1.722853 -1.780957 -1.108893 -0.6887894 -0.8379302 -0.9703746 -0.6866375 396 384 380 396 396 388 396 396 396 396 396 48 1
-1.517722 3.607225 1.232434 2.317843 -1.50455 0.9436172 -1.453571 1.421965 -1.406966 0.9832684 -3.278146 396 380 396 392 396 380 396 396 396 396 396 49 1
-2.054798 -0.148898 0.3798893 1.920945 -0.3260739 3.220384 -0.25844 8.143774 2.669898 8.439738 2.390818 396 380 380 396 396 396 396 380 380 380 380 50 1
2.731408 11.79789 6.826932 7.912453 4.557128 4.311666 4.771999 2.12761 3.403945 -0.09029982 4.141278 396 380 380 396 396 396 396 396 396 396 396 52 1
2.110877 -1.776143 0.8364952 1.821765 1.730162 3.140459 1.741784 3.087941 2.024617 4.597125 2.239428 380 380 380 396 396 396 396 380 380 396 380 53 1
-5.219608 3.249282 -1.998546 0.4589152 -2.954669 -2.056396 -6.378042 -6.992338 -6.085174 0.88592 -8.489328 380 392 380 380 380 380 380 396 396 392 396 56 1
-6.676826 -1.663698 -5.42562 -0.100891 -3.589938 7.850645 -3.573305 -7.619391 -7.222548 6.321964 -7.039581 392 388 388 380 380 396 380 380 380 380 380 57 1
4.632605 -2.413382 2.003867 1.068614 4.079256 -0.02482868 4.202876 6.593829 7.357979 4.583592 8.605308 396 388 396 396 396 388 396 396 396 396 396 58 1
5.391963 -9.549641 -0.7887503 4.956322 6.409397 -0.3951105 4.25006 3.440361 5.74586 2.194392 5.552632 380 384 384 384 380 392 380 380 380 380 380 59 1
-2.660907 -9.75825 -4.811691 1.921111 -0.4411423 4.834124 -0.213794 2.76294 -1.082691 -0.6431795 -1.917708 380 388 380 380 380 380 380 380 380 392 380 60 1
-5.599199 -7.106342 -2.620657 7.624232 0.2818325 7.875797 0.2641774 11.72546 10.97049 11.31622 10.29279 380 380 380 388 380 388 380 396 396 396 396 61 1
-0.2255407 -1.166862 -0.7180358 1.108779 -0.9943956 4.603049 -1.086596 -1.518158 -1.530818 -1.39889 -1.46314 396 396 396 396 380 392 380 380 380 380 380 62 1
5.523093 -12.67162 -4.572576 0.3848541 13.43258 2.492377 4.381347 -1.270673 2.526595 -12.54719 2.534669 380 396 396 384 384 384 384 380 380 380 380 63 1
4.236435 2.858718 3.408784 1.71254 2.655629 2.861224 1.049075 3.910065 1.587671 2.803107 0.5218762 396 396 396 380 396 380 396 396 396 396 396 64 1
5.293223 -2.141406 2.255131 4.052429 4.743441 2.155196 4.321411 3.350024 3.073161 3.690633 3.090807 392 392 392 392 388 388 388 380 380 380 380 65 1
-2.34978 -0.9948419 -1.396469 -0.2436152 -2.271616 -0.05858822 -2.302163 0.03132636 -1.593709 0.04462276 -1.420652 380 380 396 396 396 396 396 396 380 396 380 66 1
2.777163 8.401068 5.326822 3.221249 1.512074 -2.988732 3.962513 3.961743 2.499275 3.435334 2.793617 388 392 392 396 388 396 380 396 388 396 388 70 1
1.870804 -0.89948 0.9462696 2.432278 1.652722 -1.225145 1.714861 1.692291 1.477314 1.380788 1.527945 396 380 384 388 396 392 396 396 396 396 388 74 1
-5.838179 -24.36926 -13.58217 -5.914573 -6.00556 -6.258392 -5.968859 -3.043445 -3.156268 -2.544778 -2.974985 380 396 396 380 380 380 380 396 380 396 396 75 1
-4.580654 0.8000842 -1.9052 -0.2186619 -3.252277 -0.2903472 -2.660235 -2.373075 -3.271962 -2.320907 -2.381602 380 388 380 380 380 380 380 380 380 380 380 16 2
-4.593264 0.9594268 -2.291589 -6.95613 -7.173653 -7.048046 -7.557421 0.9768863 1.020696 0.6338795 -3.845899 396 384 380 396 396 396 396 380 380 380 380 17 2
-4.028392 -14.6371 -8.332443 0.0802417 0.5332451 -0.4128672 0.5667182 -2.108636 -2.564246 -4.225535 -2.897462 396 384 388 384 388 380 388 388 388 384 388 23 2
-0.662897 3.050392 0.6357301 -5.183691 0.8056878 -5.406697 -1.53416 4.9776 4.975968 4.478156 2.005764 388 388 384 384 388 388 380 388 388 388 380 24 2
-0.1556762 1.239575 0.6315645 0.9066416 0.2000317 0.7542391 1.102168 -0.611791 2.842955 -0.752731 1.697193 380 384 380 380 380 380 380 392 388 388 396 26 2
-0.6272746 -0.5833423 -0.03864885 2.772481 -0.9684275 -0.548705 0.5848668 -1.930988 -1.190247 -2.346702 1.952538 396 396 396 384 396 384 396 396 396 396 396 27 2
-1.588985 -1.123029 -1.199223 -0.4248452 -6.269795 -0.2678241 -6.022039 -0.6445681 -1.163971 -0.4922617 -0.7035131 396 396 396 388 388 388 388 396 396 396 396 28 2
23.48262 13.44198 17.44016 3.201033 9.432964 4.422668 7.056685 10.65656 10.47637 28.44775 10.40028 380 380 380 396 380 396 380 384 384 396 384 29 2
-1.144037 -6.2586 -1.542271 11.74203 10.29235 9.318449 3.783913 7.592744 -8.259993 6.955235 -8.301573 396 380 380 380 396 380 380 396 396 396 396 30 2
2.168193 3.495762 3.232501 2.061969 2.074542 -1.858508 1.057696 5.039876 2.136234 4.914623 6.476941 380 380 380 380 380 380 396 380 380 380 396 31 2
-0.2467713 -0.4613682 -0.4072004 2.49663 1.744115 2.072799 2.091849 -0.2818114 0.3109994 -0.3234238 -0.2642218 380 380 384 392 392 392 392 380 380 380 380 32 2
2.392118 2.645862 3.018482 10.76943 8.203892 10.73054 4.941587 2.226037 2.307333 2.162841 2.146214 396 396 396 396 396 396 396 396 396 396 396 33 2
0.8418719 -1.995544 -0.09510934 0.9482106 -0.03632202 4.740898 0.8699979 2.489958 0.9009084 2.42732 0.9997416 380 388 384 380 380 380 380 380 380 380 380 34 2
1.772084 -11.03836 -3.158755 3.73213 1.9003 4.157595 1.842123 4.327546 5.280513 3.99878 2.812991 396 392 396 396 396 388 380 384 380 396 380 35 2
0.3765492 0.243401 0.1394472 -0.04487808 -0.3716249 -0.7125064 -0.4447148 -1.406619 0.01232724 -1.328736 -0.4809312 380 380 380 380 380 380 380 380 380 380 380 36 2
5.086782 10.26411 7.164556 -1.301953 4.412794 -1.014012 2.852138 5.84988 5.947714 -6.046442 5.984146 380 396 396 380 396 380 388 380 380 380 380 37 2
6.807011 8.547355 8.58744 8.548559 2.767083 9.002584 2.782518 7.600674 7.565888 7.702934 7.553608 392 388 388 380 388 392 392 380 380 380 380 38 2
1.675514 3.079745 2.894246 2.256134 1.038298 8.588063 0.9217269 3.299561 2.298526 10.86021 2.486333 392 388 392 396 392 380 392 388 388 392 388 39 2
3.595792 3.182796 3.402191 3.18436 4.258348 5.416826 1.603049 2.736275 2.720085 5.267218 2.479266 380 380 380 380 380 396 380 380 380 396 380 41 2
-8.332741 5.104111 -8.284678 2.710839 0.7061139 3.20886 -0.6530488 -2.754867 -5.69455 5.474863 -3.944901 380 392 396 396 396 396 380 380 380 380 380 42 2
-0.5865146 3.26156 1.508719 1.41097 1.719791 -9.850773 3.581044 5.574825 5.359006 6.875015 5.409009 380 380 380 380 380 380 380 380 388 380 388 43 2
-8.028829 -3.368459 -5.064041 -5.667285 -5.771584 -1.593426 -5.892085 2.71859 0.03534901 2.70217 -0.001336879 380 380 380 380 380 380 380 380 380 380 380 44 2
-2.328517 0.7079783 -0.4041976 2.080313 -1.554533 0.1990799 -0.9783913 -0.5285459 -0.3842888 -0.8535725 -0.4366406 380 396 396 384 380 396 380 396 396 392 396 45 2
-4.734674 -1.1825 -2.903946 0.02000802 -1.51595 -1.781368 -0.6203151 -1.658369 -4.000091 0.9681396 -3.34831 388 380 380 380 384 396 380 396 392 396 388 46 2
-1.643966 0.8653963 0.7500935 6.232842 0.9976829 6.232789 0.8329006 3.557359 3.113795 3.805177 3.045788 380 396 388 380 380 380 380 384 384 388 384 47 2
-1.524885 -0.2844349 -0.7125039 3.071775 2.898765 -3.450423 3.382821 0.5231439 0.4586709 0.2093517 0.6912279 396 396 396 396 396 396 396 396 396 396 396 48 2
0.4876451 -4.285171 -0.6836414 -1.060174 -0.02388828 -0.01807384 -0.1844916 6.321273 0.3766186 6.117311 2.507225 396 380 396 396 396 396 396 380 396 380 396 49 2
-22.02586 2.413666 -8.479767 -1.258166 -7.445717 0.333136 -3.842495 -5.407233 -4.537773 -5.549058 -4.504993 392 380 388 396 392 396 396 392 392 392 392 50 2
-0.5914873 3.504957 1.835424 4.304905 1.77699 2.884602 1.743118 0.349004 -0.2139426 0.9295069 3.781507 380 380 380 396 380 380 380 396 396 396 380 52 2
-5.252404 3.513425 -0.5291939 0.4958833 0.3178662 0.8859771 0.4955216 0.001730633 -2.833421 0.2836375 -2.775779 380 396 396 380 380 380 380 396 396 396 396 53 2
2.52946 4.763898 3.508339 4.191645 5.059206 0.9940602 3.878669 0.3883867 0.8576162 0.9630251 0.6003358 396 396 396 396 396 396 396 392 396 396 396 56 2
7.581824 -5.026673 2.909453 6.815266 7.373127 4.408082 7.02281 6.312853 4.93136 7.841077 4.612181 392 396 396 380 380 396 380 388 392 392 392 57 2
-2.020875 -0.1081165 -1.346539 1.17343 -1.809367 -0.2139044 5.668213 -2.282738 -0.4593008 0.1891236 -1.277503 392 380 392 388 392 388 392 396 396 396 396 58 2
3.518478 13.92855 7.492528 0.4739002 4.557014 -3.849574 3.376256 3.064343 5.004186 1.448285 4.704892 396 392 396 396 396 396 396 380 396 396 380 59 2
-9.039238 9.872632 0.01965504 0.9793993 0.0004090309 1.912507 -0.02246643 -3.687789 -8.690664 1.412783 -8.618898 380 396 388 388 384 388 388 380 380 380 380 60 2
1.207552 4.695991 3.398474 6.796628 2.108838 7.123814 2.298411 5.706184 5.550758 5.796717 5.424123 380 384 380 380 384 380 384 388 388 388 388 61 2
-1.201194 3.490063 0.5442981 -5.133224 -2.214952 -7.222743 -2.235176 1.11631 1.295109 1.11387 1.219337 396 380 380 396 396 396 396 396 396 396 396 62 2
-1.900678 -1.718962 -1.473904 2.938316 0.206824 0.7218483 1.871556 -1.564957 -1.59339 0.5375249 -1.654555 380 380 380 384 380 380 384 396 380 396 380 63 2
0.1735255 -0.3507759 -21.11395 3.642514 2.411927 1.19262 2.819435 -1.582841 0.9539431 2.061973 0.1374778 396 380 396 396 396 380 396 396 396 396 396 64 2
10.46218 5.447846 7.192843 3.832383 2.216062 5.166461 0.7478611 4.027222 4.21749 4.446235 4.160173 380 380 380 384 384 384 384 380 380 380 380 65 2
-10.95677 -8.857989 -9.566898 -2.764067 -5.225091 -2.807965 -5.14276 -7.065513 -7.437799 -7.168787 -7.905582 392 388 392 384 388 384 388 388 388 388 388 66 2
4.559521 4.084046 4.328612 3.667768 2.195686 0.02793369 4.285562 3.659729 4.932736 4.247108 4.753407 388 384 384 384 388 388 396 388 384 388 384 70 2
2.166028 3.54153 3.26137 4.256961 2.24749 3.772788 2.219974 3.090743 2.937675 3.086519 3.065375 396 396 396 392 396 396 396 396 396 396 396 74 2
-0.6837805 7.397649 2.450083 -0.6880107 -0.7087668 1.786357 -0.5330812 -2.003156 -0.9177238 -1.507119 -1.992414 388 380 380 380 388 380 388 396 380 396 380 75 2
