O1_amp O2_amp Oz_amp PO3_amp PO7_amp P7_amp PO9_amp PO4_amp PO8_amp P8_amp PO10_amp O1_lat O2_lat Oz_lat PO3_lat PO7_lat P7_lat PO9_lat PO4_lat PO8_lat P8_lat PO10_lat ID emotion
-1.852874 0.1177125 -0.4444723 2.027582 0.09313941 3.374175 -1.293821 -0.953631 -1.097472 -1.02623 -1.037305 260 252 252 248 256 248 256 248 248 248 248 16 1
-4.250823 4.251337 -0.7717516 -0.094806 -0.38061 -0.3654907 -0.4911997 -8.406522 -7.014325 -5.982027 -6.427798 248 264 248 248 248 248 248 248 248 248 248 17 1
1.76766 -0.9941632 0.7386918 2.704909 4.040444 -1.397007 4.068251 0.5641189 1.754224 -0.9457741 1.32577 264 264 264 252 264 248 264 264 264 252 248 23 1
1.032016 -2.908817 -3.742416 -3.231871 1.115044 -10.08308 -2.216982 -10.33125 -10.37276 -12.14975 -0.8869777 248 264 264 248 260 264 248 264 264 264 248 24 1
1.095533 0.7932349 0.7782304 0.7419577 1.433638 0.3263099 0.7113239 0.7361455 1.013579 -0.3112778 0.2255485 260 248 264 264 264 260 264 248 248 248 248 26 1
-0.7464787 12.26333 4.88472 -0.7080531 -0.3802056 -1.723261 -2.501082 0.6592973 0.1963689 -0.7825599 2.558402 248 248 248 264 248 264 252 248 248 252 248 27 1
1.134285 -1.243847 -0.1496899 -4.096525 -4.389831 -3.9872 -5.88889 1.300472 1.221078 1.368602 1.168114 264 264 264 264 264 264 264 264 264 264 264 28 1
-2.584576 -0.7743562 -1.321117 -1.052229 -3.242685 -0.8094742 -3.606916 -0.5890322 -0.8114355 0.6534919 -0.8224683 260 264 264 260 260 264 260 264 264 264 264 29 1
0.1923371 11.96785 2.688221 -5.977559 -4.608008 -3.066435 -6.041968 -15.09354 6.590804 4.124753 6.79491 264 256 264 264 264 264 264 264 264 264 264 30 1
-0.9147056 9.624158 2.940791 -6.74027 -6.339335 -0.9402716 0.6391474 0.8878368 -1.09285 0.9102288 -1.526507 260 248 260 264 264 264 260 260 260 260 260 31 1
1.828705 -1.226342 0.7581757 2.629126 5.26171 2.594655 5.298629 1.834162 1.634011 1.737236 1.825753 248 248 248 248 248 252 248 248 248 248 248 32 1
-4.951795 -2.19606 -3.215186 4.7622 -0.04917155 4.289961 0.4155722 -4.857522 -4.860412 -4.954182 -4.862719 256 248 252 264 264 264 264 260 260 260 256 33 1
-1.019822 -1.007085 -0.9599039 1.352181 1.265378 -1.298784 1.516014 -2.357813 -1.042192 -1.560033 -0.8684086 252 260 256 248 248 248 248 264 252 256 252 34 1
-3.455063 5.318332 1.385057 1.892102 -3.263099 -1.249009 -3.401295 2.035226 -1.886804 -0.2253936 0.1388957 264 260 260 264 264 264 264 248 248 248 248 35 1
3.664473 -1.087942 1.106509 -2.441533 1.408978 1.90512 1.403218 2.080316 1.982835 2.296664 3.03224 256 256 256 264 264 256 264 248 252 248 248 36 1
3.038415 -1.154947 1.294958 4.187107 5.779371 3.666696 3.440561 0.225903 0.1230306 4.239876 0.2039814 264 264 264 256 264 264 264 264 264 264 264 37 1
2.480721 3.378154 3.027717 0.02582626 -0.3012778 -0.0512856 -0.3709077 3.12041 3.119513 2.815433 3.122307 264 264 264 252 264 252 264 264 264 264 264 38 1
-1.127161 2.420792 -0.1368892 3.213238 -1.183919 1.414619 -1.160092 -3.243037 -3.084646 0.09001976 -3.123722 264 264 264 256 260 264 264 264 264 248 264 39 1
-1.537518 -3.190149 -3.985437 -1.377248 -0.976933 -1.72794 -0.8064028 -1.669394 -2.463954 0.9436256 -1.71868 264 252 252 248 264 248 248 252 264 256 252 41 1
8.09564 -0.8031831 4.314918 9.727615 7.404753 9.641594 2.299896 1.797038 -1.182777 3.067133 -3.613829 252 252 252 252 252 252 248 264 264 264 256 42 1
-4.786021 17.28032 4.600003 -4.963196 -4.796987 -10.62851 -1.168269 0.3324014 0.1316012 -5.729485 0.2932978 264 264 264 264 264 264 264 264 264 248 264 43 1
2.354301 11.89281 6.452356 -4.400587 -4.477861 -6.139163 -4.538371 5.269174 3.331212 5.174993 3.142619 248 248 248 264 264 264 264 264 248 264 248 44 1
-8.722323 0.0465471 -4.959803 -8.703174 -11.41881 -6.702371 -8.526009 -4.91808 -13.67465 -5.29946 -13.60342 248 248 248 248 248 248 248 248 248 248 248 45 1
4.877065 -6.769404 0.4768482 4.606637 4.679603 4.791866 2.800275 6.229876 5.163783 4.837432 3.790982 264 248 260 264 264 264 264 264 248 260 248 46 1
-7.269197 4.099305 -1.527288 -2.707587 -5.757337 -2.877768 -5.493928 0.2286541 -0.3042217 0.3655856 -0.3356651 264 256 260 248 248 248 248 264 264 264 264 47 1
-6.586319 -0.5855602 2.622097 -5.462584 -5.437362 -4.235038 -5.078287 -1.308362 -3.644069 -1.750118 -1.41129 264 248 248 264 264 264 264 256 264 248 256 48 1
0.06278823 -1.864015 -1.233912 2.518304 0.5769175 1.171479 0.6458675 -3.335164 -0.1531377 -3.482116 -6.534424 248 264 248 248 248 264 248 264 248 264 248 49 1
-6.506623 0.3608308 -2.873207 -3.421216 -5.789933 -3.170394 -2.93318 -0.1093079 -2.957546 -0.0168932 -2.953197 248 252 248 264 248 248 264 248 248 248 248 50 1
2.087458 14.58627 6.5328 -1.739321 1.006753 -2.311015 1.012214 -1.739101 1.135662 -1.384013 1.86513 264 264 264 248 248 248 248 256 256 260 248 52 1
5.898119 -1.841212 2.200487 -0.1077113 0.08388244 -1.743633 -0.02073054 1.986788 3.538249 1.115842 3.690008 256 248 248 252 256 264 256 256 256 264 256 53 1
-4.865324 7.27921 -0.1242724 2.287203 0.6171751 -1.001502 -3.769197 -7.365497 -6.301431 -2.298974 -8.11997 248 256 256 260 248 264 248 264 256 264 248 56 1
-4.67224 -1.025579 -4.125625 -2.314216 -4.380754 0.6550409 -4.23 -7.908559 -7.538075 0.5202015 -7.25099 248 264 252 248 248 252 248 252 252 264 252 57 1
0.4832482 -1.328279 -0.2234697 -2.839501 -0.1406087 -2.926679 2.941739 4.829686 2.797109 1.965032 3.619337 264 248 264 260 264 260 264 248 264 248 264 58 1
4.745787 -15.41725 -3.128462 9.277955 8.346632 3.084586 7.398457 2.110627 4.44283 2.053144 4.287486 248 264 264 248 248 248 248 264 264 248 264 59 1
-10.7142 -6.884441 -9.115318 -7.706889 -9.367788 -1.429623 -8.992358 -6.594335 -8.971815 -2.070338 -10.06882 264 252 264 264 264 264 264 264 264 264 264 60 1
-6.124429 -1.023911 -2.060415 3.020166 1.129523 3.171561 1.103842 3.975211 3.664808 3.994923 3.361172 248 248 248 260 248 260 248 248 248 248 248 61 1
2.644994 -1.892172 0.6579034 2.273025 1.997774 2.201071 1.938476 1.201392 1.185943 1.159572 1.181432 248 248 248 248 248 248 248 248 248 248 248 62 1
-2.627182 -10.20223 -7.872001 -4.589633 3.626523 -1.789313 -2.339546 -8.691828 -2.768724 -16.70171 -4.810206 264 264 264 260 264 260 264 248 248 248 248 63 1
-1.200392 -1.983176 -1.6767 2.71311 3.326279 2.158427 0.7625483 -3.366458 -0.1321441 -2.344934 -3.056766 264 264 264 252 264 260 252 264 264 264 260 64 1
0.8224632 1.075708 1.147198 -0.3596048 -0.2071733 -0.8699428 -0.3759307 2.345787 2.115416 2.608888 2.116431 252 248 248 264 248 264 248 248 252 248 248 65 1
-1.588552 -0.7113701 -1.14627 -1.502797 -1.430529 -1.260261 -1.510739 -0.3797143 -0.4527863 -0.3935368 -0.2816097 248 252 248 248 248 248 248 252 252 256 252 66 1
2.338935 4.448082 3.849107 4.20242 2.933694 -0.9802315 4.335326 4.531122 1.950266 2.03001 2.176894 252 264 264 248 252 248 252 252 252 252 252 70 1
-1.114055 1.960567 0.2416444 -1.087732 -1.154001 -1.142762 -1.289304 -0.2843976 -0.4046592 -0.4283412 -0.3831496 260 264 264 264 260 264 260 264 264 264 264 74 1
-1.65342 -36.22909 -16.41236 -1.394585 -1.574457 -3.475336 -1.428717 -2.167489 -0.9276232 -1.786854 -1.533868 264 264 264 264 248 248 264 252 252 252 248 75 1
-2.473732 -0.4952855 -1.385888 1.508788 -1.177249 0.09529619 -2.151336 -3.067942 -3.779335 -2.954556 -3.074024 264 248 248 264 264 264 264 264 264 264 264 16 2
-4.828279 4.199229 -1.52503 -6.877407 -6.887989 -6.771113 -6.963291 -2.73776 -2.583093 -2.779413 -3.62754 248 264 248 248 248 248 248 248 248 248 248 17 2
-5.297356 -3.402335 -4.121167 -2.706004 -1.228643 -2.658405 -1.057701 -4.594511 -6.463876 -7.084127 -4.319863 264 248 248 264 264 264 264 264 264 256 264 23 2
-2.647686 -0.6283809 -1.984273 -4.218143 -1.760606 -9.890889 -2.865527 0.5190663 0.5401989 -0.06745702 1.588101 260 248 260 260 264 260 264 248 248 256 256 24 2
2.66692 2.594985 2.762146 2.941823 2.619066 1.803904 3.364249 0.4608461 3.448722 0.564711 2.45651 248 260 248 256 248 260 248 248 264 264 264 26 2
-3.139992 -2.44902 -2.631125 -2.072332 -2.364811 -3.392496 -2.800766 -3.145482 -2.48058 -3.57971 0.3599473 264 264 264 256 248 248 252 248 248 248 264 27 2
-1.345194 -0.8857811 -1.056854 -1.325598 -7.328802 -1.160713 -7.521964 -0.6196066 -0.9986256 -0.4734892 -0.6296462 252 252 252 248 248 248 248 252 252 252 252 28 2
15.97625 11.50849 13.09353 0.04607769 5.640042 0.3566056 4.193374 9.645963 9.600992 17.96128 9.599894 264 248 260 264 264 264 264 248 248 260 248 29 2
-1.656248 1.089354 0.428638 4.102445 3.784141 2.69983 4.771295 4.63257 -7.010456 -1.474675 -7.061531 248 264 248 248 248 248 248 248 248 248 248 30 2
-0.7630745 0.1187716 0.3371752 3.984999 4.029721 2.59754 2.407688 0.2090798 -0.7333472 0.2059422 1.817516 264 264 264 264 264 264 264 248 264 248 264 31 2
3.694185 3.641956 3.989972 8.413793 6.639628 6.89958 6.961964 3.480762 4.007848 3.454178 3.539305 264 264 264 260 248 264 248 264 264 264 264 32 2
-0.6484465 -0.9279579 -0.916921 0.8975056 2.217869 1.088497 3.811321 -0.977037 -0.7851509 -0.8692576 -0.9923552 264 264 264 264 264 264 264 264 264 264 264 33 2
-1.306967 -1.366525 -1.327609 1.595551 0.7086784 4.140545 1.67117 -2.532314 -1.412263 -1.495369 -1.115641 248 248 248 248 248 248 248 264 248 264 248 34 2
-5.028908 -5.873292 -3.995869 5.299205 -1.240488 -0.618616 3.258333 -1.690179 -1.41664 -1.706002 0.7326908 248 264 248 264 248 264 248 248 248 248 248 35 2
3.627232 -4.171515 0.3763438 3.072839 2.924408 -0.1917325 2.912224 1.482635 3.187349 1.084687 3.776733 260 264 264 248 260 264 260 264 260 260 260 36 2
5.102455 1.814802 3.506655 0.3095108 10.07495 4.098025 4.686066 4.592288 4.514117 -4.2681 4.740076 264 264 264 264 248 264 248 252 252 248 252 37 2
2.691248 4.917686 4.497078 5.266685 1.239581 5.601048 1.220627 4.700164 4.615046 4.825061 4.634912 248 264 264 264 248 264 248 264 264 264 264 38 2
3.153855 3.775827 4.12904 4.542224 3.533132 8.781852 3.394049 3.366843 2.49556 9.128845 2.580498 256 264 256 256 256 256 256 264 256 256 264 39 2
3.344632 4.079443 3.432105 -0.1194952 1.719506 0.7504828 0.3707474 4.08977 4.267838 3.647886 4.174504 248 248 248 248 248 264 248 248 248 248 248 41 2
0.7386954 2.790377 -9.526646 5.723543 5.97696 6.062527 5.286727 -0.03343119 0.8129482 2.750612 0.6933358 248 264 264 248 248 248 264 248 248 248 248 42 2
-2.812304 -1.934119 -2.433399 -2.594473 -2.379377 -3.750231 -2.128489 -0.552025 -0.6604629 6.08996 -0.6411678 264 264 264 264 264 264 264 264 264 256 264 43 2
-3.978882 -1.880592 -3.361186 -3.391037 -3.518417 -1.986352 -3.565987 -4.44622 -0.9601241 -4.359437 -1.031196 264 248 264 264 264 264 248 264 264 264 264 44 2
-7.306906 2.285063 -2.238917 -3.40748 -5.615904 -5.00372 -2.087006 -0.8064821 -1.437742 -2.205844 -1.492186 248 256 252 248 248 252 264 248 248 248 248 45 2
-0.05907331 -0.7194304 -0.4406861 -0.5470879 0.2362684 -3.415878 -1.280565 0.6138681 0.4687065 -2.596627 -1.002561 260 248 248 248 256 256 256 260 260 260 248 46 2
-0.5388407 -2.152502 -1.129688 0.9484178 -0.9059059 0.840072 -0.9099308 0.1331629 0.419535 0.1274483 0.4128987 264 264 264 264 264 264 264 260 260 260 260 47 2
-1.312309 -2.02339 -2.041093 -0.1412459 -0.2836093 -3.351332 0.5065941 -1.490378 -0.8642123 -1.351511 -1.281053 248 252 252 256 256 256 256 256 252 256 256 48 2
7.589742 -2.197587 4.023345 7.203551 7.361141 1.164475 7.289824 7.945581 7.549977 7.513597 7.525397 248 252 252 248 248 260 248 264 248 264 264 49 2
-19.64331 0.3271589 -8.876355 -1.672155 -9.128218 -1.116217 -1.993827 -8.24836 -7.953712 -8.311186 -7.627299 264 248 248 264 264 264 260 264 264 264 264 50 2
-0.1862164 3.559037 0.8781776 2.658028 0.8539469 3.241684 0.7504866 -7.062428 -2.888666 -5.917137 1.570895 248 264 248 248 248 248 248 248 248 248 264 52 2
-3.858284 4.719628 0.582088 1.367412 1.191411 2.735374 1.318066 -0.5163733 -2.193807 -0.4147541 -2.118161 252 260 260 256 252 252 252 264 264 248 264 53 2
4.785266 1.069172 3.407026 4.911346 5.752782 1.398122 4.930347 2.72398 3.436558 -0.8035437 3.090122 264 264 264 264 264 256 264 248 252 248 252 56 2
0.1740023 -0.6246798 -1.196196 -0.3956602 3.87315 -2.861413 3.94925 -4.863477 -2.02313 -3.090347 -1.872317 264 248 260 264 260 264 260 264 248 264 252 57 2
-4.269608 5.132277 -0.8860905 -1.452168 -4.050513 -2.476058 2.354146 -6.712317 -3.130803 -5.724893 -3.634967 248 264 260 248 252 248 264 260 256 264 256 58 2
4.378437 8.842393 5.757705 1.37218 4.158049 -2.567154 4.240363 1.516857 4.823285 0.7752349 5.171262 248 256 252 248 248 248 248 248 248 248 248 59 2
-2.941405 0.327798 -0.2523962 3.53787 3.565954 0.7360101 3.527335 2.805646 -0.6510464 0.06243484 -1.20114 264 264 264 252 256 252 264 248 248 248 248 60 2
-1.729611 -1.617536 -1.612638 2.007348 0.6579139 2.053106 0.9990612 -0.9059097 -0.7470856 -0.8462523 -0.7542287 248 248 248 248 260 248 260 260 260 248 260 61 2
2.764752 -0.3847905 0.9760148 -1.858822 -1.525943 -2.342442 -1.612736 0.9053151 0.9821842 1.056109 0.9353617 264 264 264 248 264 248 264 252 252 252 252 62 2
-0.8711675 -1.118198 -0.6831014 0.3478889 0.4662073 -1.468128 2.42089 -0.4166399 -2.447093 -2.739796 1.298783 248 248 248 260 248 264 256 248 248 248 248 63 2
2.430818 -6.096258 -13.3234 4.046114 5.561383 1.661364 4.860099 1.214735 1.199942 0.005147076 2.654768 248 264 248 260 248 248 248 248 248 248 248 64 2
7.700823 5.339929 6.033931 1.400543 0.4461568 3.013263 -0.4609953 4.244676 4.204295 4.531766 4.117431 264 252 256 264 264 264 264 248 248 248 248 65 2
-8.001379 -6.78723 -7.085434 -3.412176 -5.598947 -3.238353 -5.575297 -5.142133 -6.09268 -5.159241 -6.126701 256 248 248 264 260 264 264 248 248 248 248 66 2
1.877379 3.036131 2.705846 0.9494345 -0.2296196 0.7707334 1.821969 3.850936 3.289392 2.056193 3.359561 264 264 264 264 264 260 264 256 260 260 260 70 2
-1.288239 -1.626485 -1.478543 -1.121059 -1.378697 -2.796303 -1.349639 -1.621638 -1.685393 -1.688828 -1.62546 264 248 248 264 264 264 264 248 248 248 248 74 2
0.03163581 5.142907 1.852603 0.07385963 0.1243974 2.737399 0.2468842 -1.330744 -0.2700583 -0.7962287 -1.054178 256 252 252 256 256 256 264 256 264 256 256 75 2
