O1_amp O2_amp Oz_amp PO3_amp PO7_amp P7_amp PO9_amp PO4_amp PO8_amp P8_amp PO10_amp O1_lat O2_lat Oz_lat PO3_lat PO7_lat P7_lat PO9_lat PO4_lat PO8_lat P8_lat PO10_lat ID emotion
1.488104 -1.193213 0.7638962 0.7960624 0.6266727 -0.6570382 -0.2569903 -1.340464 -1.324038 -2.086998 -1.265652 184 180 184 184 184 184 184 180 180 180 180 16 1
-0.7290932 -4.903609 -3.244382 -1.15735 -0.6607389 -0.5727824 -0.5175134 -5.053091 -4.980795 -5.135406 -4.124074 184 168 168 184 184 184 184 168 168 168 168 17 1
0.6500633 -1.352994 -0.480234 -1.191186 -0.369416 -0.441582 0.7684965 -0.4235127 -0.1633876 -0.009308663 3.526983 184 168 168 180 176 176 168 168 168 168 184 18 1
0.5701164 -1.719754 1.193048 0.4917719 1.855045 1.531287 1.660903 -1.720162 -3.388321 -3.452496 -2.139832 168 180 168 180 168 168 168 180 180 180 180 20 1
1.273527 -1.509624 0.1173302 -0.06077995 1.961599 1.704497 2.427805 -1.408939 -1.647227 -2.227571 0.3056576 168 168 168 168 168 168 168 168 168 168 168 21 1
-0.7260765 3.98599 2.428859 -1.709999 -1.663231 -2.186253 -1.814571 2.224337 -0.2895413 2.179157 -0.2537035 184 168 184 184 184 184 184 172 184 172 184 22 1
-1.621299 5.72339 1.660351 -0.4375596 0.04182371 -0.4234266 0.0352337 -0.4156412 -0.5689327 -1.195814 0.08099326 184 168 168 180 180 180 180 184 184 172 168 23 1
2.285224 -11.42798 3.705888 2.96796 5.391958 2.260095 3.027859 -3.950792 -3.913553 -4.458576 -3.91227 180 184 168 184 180 168 184 172 172 172 176 24 1
3.809273 -11.02391 -12.02157 9.359531 9.342049 9.285394 9.457155 1.577862 1.744184 1.865806 1.625301 172 168 176 172 172 172 172 168 168 168 168 26 1
-0.03491759 -1.23705 -1.012151 3.296807 3.451199 0.6588734 -0.1147549 -2.637704 -2.200775 -2.2975 -2.707508 184 184 184 168 168 168 168 168 184 184 184 27 1
3.451142 3.472566 3.228994 3.185651 3.003658 2.886023 4.495353 3.531536 3.416647 3.182393 3.467098 180 168 168 184 180 180 176 168 168 168 168 28 1
8.352074 2.582217 5.780012 6.914464 7.211825 6.742541 5.439446 1.390631 1.385837 8.214296 1.327311 168 184 180 168 168 168 168 168 168 168 168 29 1
6.134284 4.80358 4.566599 3.749237 2.643126 -0.0241718 2.980562 4.805671 6.351273 1.091093 3.503897 180 168 180 180 184 176 180 168 168 168 176 30 1
3.569485 5.268569 3.984946 4.361613 4.597304 2.225503 3.304421 -1.73296 3.554567 -1.79422 0.6964988 180 176 180 184 184 184 180 184 180 184 180 31 1
3.234966 1.004656 1.373251 0.3537071 0.2934045 0.8575298 1.893301 0.9169906 -3.059904 -3.111213 -1.150595 184 184 184 168 168 168 184 184 168 168 172 34 1
4.395899 -4.322852 -11.93477 1.185778 2.104798 0.6096486 1.010611 4.4086 3.439889 3.382774 4.3766 168 168 180 184 168 168 168 168 168 168 168 35 1
5.029932 2.817867 5.86732 5.003585 4.721727 1.170899 4.008363 3.157572 -0.2650492 -0.2007646 -0.2054602 184 184 184 184 184 184 180 180 184 184 184 36 1
-2.50429 2.608896 0.512127 1.016853 1.224395 1.111642 2.262198 2.53455 2.563422 -0.09824319 1.159341 172 168 172 184 176 176 184 168 168 168 184 37 1
2.519277 -2.861582 1.655864 2.551418 1.954724 -2.009917 1.941121 -2.859211 -2.855422 -2.781635 -3.018383 168 168 168 168 184 184 168 168 168 168 168 38 1
1.903383 -0.3920067 0.2122921 2.033712 -0.0146594 1.071112 -3.57553 -0.4953593 -2.50353 -2.509866 -2.674497 184 168 168 184 184 184 184 168 168 168 168 39 1
1.494636 -7.543022 -2.156145 3.772799 2.522396 0.8713431 3.247427 1.018563 1.986501 1.003082 1.314995 168 184 184 168 168 168 168 168 168 168 168 41 1
1.287165 2.071679 1.889514 0.9047046 0.5713481 0.2212023 0.5200856 0.3243437 1.973437 -0.5713612 0.6652163 168 168 168 184 168 168 168 168 168 168 168 42 1
0.4645084 4.817296 1.91203 3.329295 1.705693 -3.933947 -1.246042 4.804699 4.832935 2.719889 1.607231 176 168 176 176 172 180 172 168 168 176 168 43 1
-3.302716 -2.943225 -3.732958 -3.420629 -3.378647 -0.7911766 1.525043 -3.042513 0.9149162 -0.491463 0.9381069 168 168 168 168 168 172 176 168 168 168 168 44 1
1.021375 1.567854 0.4348477 -0.607133 0.6058519 -1.049178 -3.731325 1.539165 0.3243679 0.001136987 -1.108129 168 168 168 172 172 180 184 168 176 180 176 45 1
2.47885 0.2219952 0.1205005 0.853099 2.615371 1.202165 4.304533 -0.9083413 1.638208 2.26374 3.734431 184 184 184 168 184 184 184 168 168 176 184 46 1
1.011782 4.470401 2.445777 -0.4518326 0.5501207 -0.4034924 0.6075233 1.516371 1.829457 1.577733 1.885697 168 184 184 168 168 168 168 184 168 184 172 47 1
1.993374 3.138714 3.023923 1.829554 1.791468 -0.4185495 1.250221 0.9412285 0.9790604 0.8641931 1.944797 184 172 184 184 184 176 184 168 168 168 172 48 1
1.460338 1.840927 1.821695 1.339544 -1.337786 -1.946053 -0.2784221 3.1124 1.997104 0.9438405 2.027617 168 168 168 168 168 168 168 184 184 184 184 49 1
-1.69986 1.947653 5.432087 -2.960893 -2.651472 -3.240255 -0.4535981 -1.392413 -1.287028 -1.624387 -1.261571 184 180 184 184 184 184 184 168 180 168 176 50 1
-1.257118 -2.514492 -0.7382828 -1.391363 1.304864 0.3726121 2.916657 -1.215004 1.037435 -1.509736 3.688253 184 184 184 184 172 168 168 184 184 168 184 52 1
0.3447649 1.381418 1.299315 0.1959715 0.2884426 -1.550063 -0.6142236 1.420903 1.095458 0.1980861 0.9852197 184 168 168 184 184 184 168 168 168 168 168 53 1
3.86628 3.611713 3.653064 3.764693 7.407062 6.979745 9.488563 1.032326 -0.08004395 1.158243 2.042464 172 172 172 172 172 172 168 176 172 184 168 54 1
1.308769 2.436339 1.966258 0.3241436 1.436225 0.9441946 1.806005 2.264357 3.684665 1.637773 4.609651 168 184 168 184 168 168 168 184 184 176 184 55 1
1.379033 2.015111 2.900593 0.6494627 1.339018 -0.8189954 1.615959 2.128186 1.961579 1.077225 2.79595 184 184 184 184 180 184 176 184 184 176 180 56 1
-0.2988723 6.216453 0.7491387 -2.935048 1.773472 -2.754627 1.607829 -4.332254 -4.173774 -3.182099 -4.415808 168 184 176 168 168 168 168 168 168 168 168 57 1
3.462061 1.468226 3.364636 1.214758 1.433823 -0.3802606 1.266034 1.459038 2.463928 0.6215049 3.040891 180 180 180 180 180 172 180 180 176 168 180 58 1
2.21535 2.561814 2.25487 2.166502 2.428522 -0.7493809 2.323904 2.81593 3.149081 0.8685117 2.126717 184 168 168 184 184 184 168 168 168 168 168 59 1
1.846462 5.494192 2.144201 1.67713 0.6660532 -4.321549 1.356892 5.517863 7.839491 2.502472 6.295359 168 184 184 168 172 168 172 184 184 168 184 60 1
-6.298148 -17.34735 -11.08016 4.164794 0.002767694 4.079267 0.4208084 -1.383569 -0.5009475 -2.133295 -0.3476977 180 168 184 168 184 168 184 172 172 168 168 61 1
0.009629369 -0.4177028 1.254676 -0.03211323 1.083877 0.9878759 2.839096 -0.5152847 -0.3991514 -0.2231025 -0.3243082 168 180 172 168 168 168 168 180 180 184 180 62 1
5.409785 7.210908 8.328085 1.801641 -3.893594 -4.022934 -2.355627 6.540077 8.158812 2.461007 -0.1653009 184 172 184 184 184 184 180 184 180 184 168 63 1
1.635681 1.790897 1.727021 1.684527 -0.1150338 -0.5560483 -0.3183231 1.756471 -0.1059805 -0.5430125 -0.2516134 168 180 168 168 168 168 168 180 168 184 168 66 1
0.5059009 0.2609508 0.2171039 0.3076233 0.2024042 -2.002975 2.936927 -0.5960227 -0.2324181 -2.883123 -0.5331143 172 184 184 168 176 168 176 168 168 168 172 69 1
3.770313 12.50438 7.334631 4.475685 5.635563 7.091711 7.493198 -0.04034791 3.850957 -5.284364 4.239798 172 184 184 172 180 176 168 184 172 184 172 70 1
0.214083 0.2536412 0.212692 0.2022551 -0.3828004 -0.0002164453 -1.064953 0.2845062 0.2116807 -0.5634958 0.2593766 168 168 168 168 176 168 184 168 168 168 168 74 1
-0.19345 0.7192732 -0.2508366 -0.2042954 -0.2031919 -1.035195 -0.1220324 1.221119 0.9569538 0.9866017 1.272313 184 168 184 184 184 184 184 168 168 168 168 75 1
2.130595 -1.093876 0.7756431 1.210504 1.72877 1.784332 0.9836106 1.705995 1.866823 1.824176 1.671084 172 184 184 168 168 180 168 180 180 180 180 16 2
-0.1417602 1.794757 1.127241 -0.05205031 -0.2773382 -0.2118353 -0.08657186 6.437001 4.649575 4.591117 2.684209 168 184 180 168 168 168 168 184 184 184 184 17 2
-0.2021917 0.2586702 -0.1911086 -1.545926 -0.7729064 -0.5510018 0.2066671 0.3579767 0.449833 0.4048906 5.526487 168 168 168 168 168 168 180 168 168 168 172 18 2
0.05591717 -2.115983 -0.4987129 0.06119483 -1.919626 -2.276953 -2.229044 -2.166144 -5.449509 -5.483057 -3.631231 184 168 176 184 176 180 176 168 168 168 168 20 2
4.967171 1.061597 3.691788 3.828697 2.782135 1.273333 1.604475 1.03206 1.050415 -0.4044434 1.547247 168 168 168 176 180 168 172 168 168 184 168 21 2
1.169567 -4.930514 1.189672 2.027568 2.056487 2.475242 2.085297 -0.2335401 1.248064 -0.4017702 0.910148 184 168 172 180 180 176 184 180 180 180 184 22 2
-3.313359 -1.093487 -1.74319 -3.344727 -3.699574 -0.8816853 -2.526227 -1.058106 -1.697204 -1.740118 -3.960469 184 180 184 184 184 168 184 184 184 172 184 23 2
3.119191 -2.612922 -16.76218 2.990758 4.626491 3.989212 1.675431 -0.928913 -0.9061471 -0.9722891 -1.629427 184 184 184 172 184 168 184 168 168 168 184 24 2
1.033283 -0.8326521 -28.68748 4.479499 4.383662 4.636735 3.924931 -1.53235 -1.694144 -1.212708 -1.6285 184 168 180 168 168 184 168 168 168 168 184 26 2
-1.096355 -1.417628 -1.262476 -0.1037449 0.5329049 0.1117428 -0.6283656 -1.021017 -1.469165 -1.437291 -1.272187 180 180 184 184 184 184 184 176 176 176 180 27 2
-0.6570343 0.8707356 -0.4695299 -1.321512 -1.527413 -1.490918 -0.3917353 0.8608668 0.9182791 0.9865242 0.9276552 184 172 176 172 184 184 180 172 172 172 172 28 2
3.65167 13.04037 -21.55327 1.883993 1.980927 0.9709562 2.044876 -1.949438 -1.895692 1.151442 -1.942774 168 168 184 168 168 184 168 184 184 168 184 29 2
1.147104 3.051105 3.366952 1.921814 -1.387451 -2.909323 -1.283711 3.072766 3.693115 -2.630867 -2.115066 176 168 172 172 180 168 176 168 180 184 180 30 2
7.214687 5.194101 5.141951 4.333334 7.229186 3.838306 6.387038 5.792785 -2.558482 -2.595671 -2.784629 184 184 184 184 184 184 184 180 180 180 180 31 2
-1.241081 -0.9672004 -1.022848 -2.63216 -2.693303 -2.159803 -0.09382136 -1.098746 0.707862 0.6348351 0.2998755 176 180 180 184 184 168 176 180 172 168 172 34 2
6.435828 7.611172 -6.631714 -3.157313 -1.621542 -0.805141 1.007314 4.569026 3.114935 1.82905 3.363783 184 184 184 168 184 168 168 184 184 184 184 35 2
0.9350559 1.382468 1.710524 0.9611281 0.7747339 0.3292262 1.105034 -0.7443035 1.688909 1.704364 2.120585 180 180 180 180 176 184 176 172 168 168 184 36 2
0.6110311 -0.5247244 0.5756454 1.392585 -1.650363 -1.648444 -1.000196 -0.05915249 -0.03869181 0.1032967 -4.412818 184 184 180 184 184 184 172 184 184 168 184 37 2
-2.963084 -3.288958 -2.930983 -2.935065 -0.4068167 2.223183 1.278944 -3.268557 -3.322626 -3.288754 -3.324191 184 168 184 184 184 180 184 168 168 168 168 38 2
2.943105 -1.258157 -1.031031 2.966506 2.652188 0.9804842 2.386616 -1.344233 2.298351 2.397708 -0.1379156 180 180 180 180 184 184 180 180 180 180 180 39 2
1.845375 1.513572 1.9721 -1.861427 -0.276068 0.7933822 4.485616 0.9821526 1.371404 1.355729 2.424333 184 184 184 168 168 168 184 184 184 184 184 41 2
1.140602 1.675783 -0.05964627 1.380552 -0.4675943 -1.668427 -0.4300998 0.9759969 1.889886 -0.4667142 1.271978 184 184 184 184 184 184 184 184 172 168 176 42 2
4.979293 2.47893 5.507041 6.411753 3.141622 -0.8575215 0.4709009 2.398749 2.344184 -0.4016582 -0.5390589 172 184 172 184 180 184 176 184 172 184 172 43 2
3.304935 -0.5527012 0.2757071 3.20609 3.334414 4.528072 2.239156 -0.4801347 -0.5394951 -0.5462108 -0.5464149 180 184 184 180 180 184 184 184 180 168 168 44 2
5.017573 3.544827 3.596698 -1.044177 2.454456 2.260455 0.5347469 2.150634 6.304137 -0.9473788 6.377926 168 180 184 184 184 184 176 184 168 184 172 45 2
0.1853635 1.93876 0.06963219 -1.995749 0.08757927 1.023634 0.5022021 0.4024667 3.775444 2.883654 4.366529 184 184 184 168 176 176 184 180 184 184 176 46 2
0.795504 1.483669 1.140547 0.8088573 0.9414818 -0.1226821 1.019532 1.521095 0.4500482 0.2945888 0.4619313 184 180 184 184 184 184 184 180 168 176 184 47 2
-0.7312194 -0.8505692 -2.081495 -1.014188 -0.5583318 1.23027 -0.02570061 -0.3031275 -0.3284939 -0.3971067 -0.2692642 168 176 176 168 168 180 180 176 176 176 180 48 2
3.054099 3.404092 3.360506 2.968113 1.102266 -2.092651 0.6804719 3.542753 5.891486 5.899282 5.480962 168 168 168 168 168 176 168 168 172 172 172 49 2
-2.970379 2.298052 4.141995 1.227582 2.09194 0.2949544 2.572856 4.513523 -0.9451915 4.717032 -0.173637 184 180 176 184 184 184 168 184 184 184 184 50 2
2.935276 2.291762 5.311229 3.002864 0.1619729 -1.24078 0.5138617 4.694637 4.26773 5.817408 1.635261 168 184 172 168 168 168 168 184 184 184 184 52 2
-0.5411358 -1.323362 -1.017727 -0.4995956 -0.4363603 -1.520371 -0.5301378 -1.282434 -2.103101 -2.902504 -0.2727597 168 168 168 168 168 168 184 168 168 168 168 53 2
-1.621426 -1.457443 -1.756222 -1.461562 0.9512507 3.392492 1.628536 -0.9170902 -2.410361 -0.6275209 -0.8450422 172 172 172 184 184 184 172 172 168 172 172 54 2
3.572911 4.878341 5.598272 2.509426 1.811486 0.7648458 2.894471 4.853976 5.617948 3.571617 5.265157 184 184 184 184 184 184 184 184 184 184 184 55 2
1.113559 0.06537478 0.4248483 -1.033498 -1.019364 -0.2876043 -1.6989 1.503588 1.519425 0.5603173 1.7783 168 168 168 184 180 184 172 168 168 180 168 56 2
2.260221 -0.02539006 4.852686 4.055052 5.074834 1.718651 4.996841 -0.0624351 0.1266588 -0.9743837 0.1482672 172 184 176 168 168 168 168 184 184 184 184 57 2
-1.6131 1.232929 -1.808446 -0.1100916 -0.1011233 -1.052163 -0.3078001 1.243383 1.33056 1.425757 1.880054 168 184 168 168 168 168 168 184 184 184 184 58 2
4.026891 2.014198 3.599727 2.34182 4.185067 0.7512416 1.45868 1.853311 1.764132 0.9675927 2.390791 184 180 184 184 180 184 180 184 180 168 168 59 2
6.96071 7.156039 7.950792 6.821851 5.937605 1.939735 2.396216 7.089267 4.610499 -2.481551 0.9293745 176 180 176 176 176 184 176 180 176 184 180 60 2
8.792096 5.930416 -13.3024 1.063254 3.359593 0.86482 3.363326 3.360456 4.168658 3.048831 4.207111 184 168 168 168 168 168 168 184 184 184 184 61 2
-1.331727 -2.07012 -2.587 -1.297032 -2.23017 -0.6572514 -1.16734 -2.110011 -2.12605 -0.1013557 -2.119345 168 168 184 168 180 168 180 168 168 172 168 62 2
0.2825769 0.3895928 2.093823 -0.1361912 -4.043065 -4.095967 -3.012937 0.172195 -0.2242614 -1.052929 -3.653216 184 184 184 184 184 184 184 184 168 168 168 63 2
-0.006526398 -3.332551 0.05024467 0.1385361 -0.07389513 0.9039624 -0.4548835 -3.290557 -0.1653451 1.843632 -0.3201713 168 168 168 172 168 168 168 168 168 168 168 66 2
3.546421 -0.551505 1.930384 1.747584 2.199885 -1.860415 4.446748 2.293968 4.276005 0.4872002 3.048237 184 176 184 184 184 180 184 168 168 172 168 69 2
0.934343 -7.967039 -7.876647 1.722841 2.103875 6.156199 -0.0143306 2.260586 0.7167608 -0.03923716 0.8028178 180 172 168 180 180 180 180 184 176 172 180 70 2
1.632574 1.535007 1.715442 1.705937 -1.373769 -2.273936 -1.311953 1.657194 1.54184 0.9330586 1.464175 168 184 184 168 168 168 168 184 184 176 184 74 2
1.133861 1.633314 1.175454 1.019398 1.041955 -0.04111841 -2.053798 1.353788 2.032375 2.21115 2.065672 168 176 168 168 168 168 168 176 176 176 176 75 2
